Date,Open,High,Low,Close,TotalVolume,$ Volume,Split,Dividend,MarketCap,SharesOut,Exchange,Sector,Industry,Category,VolRatio,OIRatio
20080416,229.09090909,229.09090909,229.09090909,229.09090909,0,0,N/A,N/A,0,-5,"NYSE","Basic Materials","Basic Materials/Agriculture","Common Stock",229.09090909,229.09090909
20080417,274.90909091,274.90909091,274.90909091,274.90909091,0,0,N/A,N/A,0,-5,"NYSE","Basic Materials","Basic Materials/Agriculture","Common Stock",274.90909091,274.90909091
20080418,274.90909091,274.90909091,274.90909091,274.90909091,0,0,N/A,N/A,0,-5,"NYSE","Basic Materials","Basic Materials/Agriculture","Common Stock",274.90909091,274.90909091
20080421,274.90909091,274.90909091,274.90909091,274.90909091,0,0,N/A,N/A,0,-5,"NYSE","Basic Materials","Basic Materials/Agriculture","Common Stock",274.90909091,274.90909091
20080422,274.90909091,297.81818182,269.18181818,297.81818182,0,0,N/A,N/A,0,-5,"NYSE","Basic Materials","Basic Materials/Agriculture","Common Stock",297.81818182,297.81818182
20080423,297.81818182,297.81818182,297.81818182,297.81818182,0,0,N/A,N/A,0,-5,"NYSE","Basic Materials","Basic Materials/Agriculture","Common Stock",297.81818182,297.81818182
20080424,320.72727273,320.72727273,320.72727273,320.72727273,0,0,N/A,N/A,0,-5,"NYSE","Basic Materials","Basic Materials/Agriculture","Common Stock",320.72727273,320.72727273
20080425,343.63636364,343.63636364,343.63636364,343.63636364,0,0,N/A,N/A,0,-5,"NYSE","Basic Materials","Basic Materials/Agriculture","Common Stock",343.63636364,343.63636364
20080428,343.63636364,343.63636364,343.63636364,343.63636364,0,0,N/A,N/A,0,-5,"NYSE","Basic Materials","Basic Materials/Agriculture","Common Stock",343.63636364,343.63636364
20080429,343.63636364,343.63636364,343.63636364,343.63636364,0,0,N/A,N/A,0,-5,"NYSE","Basic Materials","Basic Materials/Agriculture","Common Stock",343.63636364,343.63636364
20080430,343.63636364,343.63636364,320.72727273,320.72727273,1,321,N/A,N/A,0,-5,"NYSE","Basic Materials","Basic Materials/Agriculture","Common Stock",320.72727273,320.72727273
20080501,320.72727273,320.72727273,320.72727273,320.72727273,0,0,N/A,N/A,0,-5,"NYSE","Basic Materials","Basic Materials/Agriculture","Common Stock",320.72727273,320.72727273
20080502,320.72727273,320.72727273,320.72727273,320.72727273,0,0,N/A,N/A,0,-5,"NYSE","Basic Materials","Basic Materials/Agriculture","Common Stock",320.72727273,320.72727273
20080505,320.72727273,320.72727273,320.72727273,320.72727273,0,0,N/A,N/A,0,-5,"NYSE","Basic Materials","Basic Materials/Agriculture","Common Stock",320.72727273,320.72727273
20080506,320.72727273,320.72727273,320.72727273,320.72727273,0,0,N/A,N/A,0,-5,"NYSE","Basic Materials","Basic Materials/Agriculture","Common Stock",320.72727273,320.72727273
20080507,320.72727273,320.72727273,320.72727273,320.72727273,0,0,N/A,N/A,0,-5,"NYSE","Basic Materials","Basic Materials/Agriculture","Common Stock",320.72727273,320.72727273
20080508,320.72727273,320.72727273,320.72727273,320.72727273,0,0,N/A,N/A,0,-5,"NYSE","Basic Materials","Basic Materials/Agriculture","Common Stock",320.72727273,320.72727273
20080509,320.72727273,320.72727273,320.72727273,320.72727273,0,0,N/A,N/A,0,-5,"NYSE","Basic Materials","Basic Materials/Agriculture","Common Stock",320.72727273,320.72727273
20080512,320.72727273,320.72727273,320.72727273,320.72727273,0,0,N/A,N/A,0,-5,"NYSE","Basic Materials","Basic Materials/Agriculture","Common Stock",320.72727273,320.72727273
20080513,320.72727273,320.72727273,320.72727273,320.72727273,0,0,N/A,N/A,0,-5,"NYSE","Basic Materials","Basic Materials/Agriculture","Common Stock",320.72727273,320.72727273
20080514,320.72727273,320.72727273,320.72727273,320.72727273,0,0,N/A,N/A,0,-5,"NYSE","Basic Materials","Basic Materials/Agriculture","Common Stock",320.72727273,320.72727273
20080515,320.72727273,320.72727273,320.72727273,320.72727273,0,0,N/A,N/A,0,-5,"NYSE","Basic Materials","Basic Materials/Agriculture","Common Stock",320.72727273,320.72727273
20080516,320.72727273,320.72727273,320.72727273,320.72727273,0,0,N/A,N/A,0,-5,"NYSE","Basic Materials","Basic Materials/Agriculture","Common Stock",320.72727273,320.72727273
20080519,320.72727273,320.72727273,320.72727273,320.72727273,0,0,N/A,N/A,0,-5,"NYSE","Basic Materials","Basic Materials/Agriculture","Common Stock",320.72727273,320.72727273
20080520,320.72727273,320.72727273,320.72727273,320.72727273,0,0,N/A,N/A,0,-5,"NYSE","Basic Materials","Basic Materials/Agriculture","Common Stock",320.72727273,320.72727273
20080521,320.72727273,320.72727273,320.72727273,320.72727273,0,0,N/A,N/A,0,-5,"NYSE","Basic Materials","Basic Materials/Agriculture","Common Stock",320.72727273,320.72727273
20080522,320.72727273,320.72727273,320.72727273,320.72727273,0,0,N/A,N/A,0,-5,"NYSE","Basic Materials","Basic Materials/Agriculture","Common Stock",320.72727273,320.72727273
20080523,320.72727273,320.72727273,320.72727273,320.72727273,0,0,N/A,N/A,0,-5,"NYSE","Basic Materials","Basic Materials/Agriculture","Common Stock",320.72727273,320.72727273
20080526,320.72727273,320.72727273,320.72727273,320.72727273,0,0,N/A,N/A,0,0,"NYSE","Basic Materials","Basic Materials/Agriculture","Common Stock",28.00000000,320.72727273
20080527,320.72727273,320.72727273,320.72727273,320.72727273,0,0,N/A,N/A,0,-5,"NYSE","Basic Materials","Basic Materials/Agriculture","Common Stock",320.72727273,320.72727273
20080528,320.72727273,320.72727273,320.72727273,320.72727273,0,0,N/A,N/A,0,-5,"NYSE","Basic Materials","Basic Materials/Agriculture","Common Stock",320.72727273,320.72727273
20080529,320.72727273,320.72727273,320.72727273,320.72727273,0,0,N/A,N/A,0,-5,"NYSE","Basic Materials","Basic Materials/Agriculture","Common Stock",320.72727273,320.72727273
20080530,320.72727273,320.72727273,320.72727273,320.72727273,0,0,N/A,N/A,0,-5,"NYSE","Basic Materials","Basic Materials/Agriculture","Common Stock",320.72727273,320.72727273
20080602,320.72727273,320.72727273,320.72727273,320.72727273,0,0,N/A,N/A,0,-5,"NYSE","Basic Materials","Basic Materials/Agriculture","Common Stock",320.72727273,320.72727273
20080603,320.72727273,320.72727273,320.72727273,320.72727273,0,0,N/A,N/A,0,-5,"NYSE","Basic Materials","Basic Materials/Agriculture","Common Stock",320.72727273,320.72727273
20080604,320.72727273,320.72727273,320.72727273,320.72727273,0,0,N/A,N/A,0,-5,"NYSE","Basic Materials","Basic Materials/Agriculture","Common Stock",320.72727273,320.72727273
20080605,320.72727273,320.72727273,320.72727273,320.72727273,0,0,N/A,N/A,0,-5,"NYSE","Basic Materials","Basic Materials/Agriculture","Common Stock",320.72727273,320.72727273
20080606,320.72727273,320.72727273,320.72727273,320.72727273,0,0,N/A,N/A,0,-5,"NYSE","Basic Materials","Basic Materials/Agriculture","Common Stock",320.72727273,320.72727273
20080609,320.72727273,320.72727273,320.72727273,320.72727273,0,0,N/A,N/A,0,-5,"NYSE","Basic Materials","Basic Materials/Agriculture","Common Stock",320.72727273,320.72727273
20080610,320.72727273,320.72727273,320.72727273,320.72727273,0,0,N/A,N/A,0,-5,"NYSE","Basic Materials","Basic Materials/Agriculture","Common Stock",320.72727273,320.72727273
20080611,320.72727273,378.00000000,320.72727273,320.72727273,2,641,N/A,N/A,0,-5,"NYSE","Basic Materials","Basic Materials/Agriculture","Common Stock",320.72727273,320.72727273
20080612,320.72727273,320.72727273,286.36363636,309.27272727,1,309,N/A,N/A,0,-5,"NYSE","Basic Materials","Basic Materials/Agriculture","Common Stock",309.27272727,309.27272727
20080613,320.72727273,320.72727273,320.72727273,320.72727273,2,641,N/A,N/A,0,-5,"NYSE","Basic Materials","Basic Materials/Agriculture","Common Stock",320.72727273,320.72727273
20080616,297.81818182,297.81818182,297.81818182,297.81818182,0,0,N/A,N/A,0,-5,"NYSE","Basic Materials","Basic Materials/Agriculture","Common Stock",297.81818182,297.81818182
20080617,297.81818182,297.81818182,297.81818182,297.81818182,0,0,N/A,N/A,0,-5,"NYSE","Basic Materials","Basic Materials/Agriculture","Common Stock",297.81818182,297.81818182
20080618,297.81818182,297.81818182,297.81818182,297.81818182,0,0,N/A,N/A,0,-5,"NYSE","Basic Materials","Basic Materials/Agriculture","Common Stock",297.81818182,297.81818182
20080619,343.63636364,343.63636364,343.63636364,343.63636364,0,0,N/A,N/A,0,-5,"NYSE","Basic Materials","Basic Materials/Agriculture","Common Stock",343.63636364,343.63636364
20080620,343.63636364,343.63636364,343.63636364,343.63636364,0,0,N/A,N/A,0,-5,"NYSE","Basic Materials","Basic Materials/Agriculture","Common Stock",343.63636364,343.63636364
20080623,332.18181818,332.18181818,332.18181818,332.18181818,0,0,N/A,N/A,0,-5,"NYSE","Basic Materials","Basic Materials/Agriculture","Common Stock",332.18181818,332.18181818
20080624,332.18181818,332.18181818,332.18181818,332.18181818,0,0,N/A,N/A,0,-5,"NYSE","Basic Materials","Basic Materials/Agriculture","Common Stock",332.18181818,332.18181818
20080625,332.18181818,332.18181818,332.18181818,332.18181818,0,0,N/A,N/A,0,-5,"NYSE","Basic Materials","Basic Materials/Agriculture","Common Stock",332.18181818,332.18181818
20080626,332.18181818,332.18181818,332.18181818,332.18181818,0,0,N/A,N/A,0,-5,"NYSE","Basic Materials","Basic Materials/Agriculture","Common Stock",332.18181818,332.18181818
20080627,332.18181818,332.18181818,332.18181818,332.18181818,0,0,N/A,N/A,0,-5,"NYSE","Basic Materials","Basic Materials/Agriculture","Common Stock",332.18181818,332.18181818
20080630,332.18181818,332.18181818,332.18181818,332.18181818,0,0,N/A,N/A,0,-5,"NYSE","Basic Materials","Basic Materials/Agriculture","Common Stock",332.18181818,332.18181818
20080701,332.18181818,332.18181818,332.18181818,332.18181818,0,0,N/A,N/A,0,-5,"NYSE","Basic Materials","Basic Materials/Agriculture","Common Stock",332.18181818,332.18181818
20080702,332.18181818,332.18181818,332.18181818,332.18181818,0,0,N/A,N/A,0,-5,"NYSE","Basic Materials","Basic Materials/Agriculture","Common Stock",332.18181818,332.18181818
20080703,332.18181818,332.18181818,332.18181818,332.18181818,0,0,N/A,N/A,0,-5,"NYSE","Basic Materials","Basic Materials/Agriculture","Common Stock",332.18181818,332.18181818
20080704,332.18181818,332.18181818,332.18181818,332.18181818,0,0,N/A,N/A,0,0,"NYSE","Basic Materials","Basic Materials/Agriculture","Common Stock",29.00000000,332.18181818
20080707,332.18181818,332.18181818,332.18181818,332.18181818,0,0,N/A,N/A,0,-5,"NYSE","Basic Materials","Basic Materials/Agriculture","Common Stock",332.18181818,332.18181818
20080708,332.18181818,332.18181818,332.18181818,332.18181818,0,0,N/A,N/A,0,-5,"NYSE","Basic Materials","Basic Materials/Agriculture","Common Stock",332.18181818,332.18181818
20080709,332.18181818,332.18181818,332.18181818,332.18181818,0,0,N/A,N/A,0,-5,"NYSE","Basic Materials","Basic Materials/Agriculture","Common Stock",332.18181818,332.18181818
20080710,332.18181818,332.18181818,332.18181818,332.18181818,0,0,N/A,N/A,0,-5,"NYSE","Basic Materials","Basic Materials/Agriculture","Common Stock",332.18181818,332.18181818
20080711,332.18181818,332.18181818,332.18181818,332.18181818,0,0,N/A,N/A,0,-5,"NYSE","Basic Materials","Basic Materials/Agriculture","Common Stock",332.18181818,332.18181818
20080714,332.18181818,332.18181818,332.18181818,332.18181818,0,0,N/A,N/A,0,-5,"NYSE","Basic Materials","Basic Materials/Agriculture","Common Stock",332.18181818,332.18181818
20080715,332.18181818,332.18181818,332.18181818,332.18181818,0,0,N/A,N/A,0,-5,"NYSE","Basic Materials","Basic Materials/Agriculture","Common Stock",332.18181818,332.18181818
20080716,332.18181818,332.18181818,332.18181818,332.18181818,0,0,N/A,N/A,0,-5,"NYSE","Basic Materials","Basic Materials/Agriculture","Common Stock",332.18181818,332.18181818
20080717,332.18181818,332.18181818,332.18181818,332.18181818,0,0,N/A,N/A,0,-5,"NYSE","Basic Materials","Basic Materials/Agriculture","Common Stock",332.18181818,332.18181818
20080718,332.18181818,332.18181818,332.18181818,332.18181818,0,0,N/A,N/A,0,-5,"NYSE","Basic Materials","Basic Materials/Agriculture","Common Stock",332.18181818,332.18181818
20080721,332.18181818,332.18181818,332.18181818,332.18181818,0,0,N/A,N/A,0,-5,"NYSE","Basic Materials","Basic Materials/Agriculture","Common Stock",332.18181818,332.18181818
20080722,332.18181818,332.18181818,332.18181818,332.18181818,0,0,N/A,N/A,0,-5,"NYSE","Basic Materials","Basic Materials/Agriculture","Common Stock",332.18181818,332.18181818
20080723,332.18181818,332.18181818,332.18181818,332.18181818,0,0,N/A,N/A,0,-5,"NYSE","Basic Materials","Basic Materials/Agriculture","Common Stock",332.18181818,332.18181818
20080724,332.18181818,332.18181818,332.18181818,332.18181818,0,0,N/A,N/A,0,-5,"NYSE","Basic Materials","Basic Materials/Agriculture","Common Stock",332.18181818,332.18181818
20080725,332.18181818,332.18181818,332.18181818,332.18181818,0,0,N/A,N/A,0,-5,"NYSE","Basic Materials","Basic Materials/Agriculture","Common Stock",332.18181818,332.18181818
20080728,332.18181818,332.18181818,332.18181818,332.18181818,0,0,N/A,N/A,0,-5,"NYSE","Basic Materials","Basic Materials/Agriculture","Common Stock",332.18181818,332.18181818
20080729,332.18181818,332.18181818,332.18181818,332.18181818,0,0,N/A,N/A,0,-5,"NYSE","Basic Materials","Basic Materials/Agriculture","Common Stock",332.18181818,332.18181818
20080730,332.18181818,332.18181818,332.18181818,332.18181818,0,0,N/A,N/A,0,-5,"NYSE","Basic Materials","Basic Materials/Agriculture","Common Stock",332.18181818,332.18181818
20080731,332.18181818,332.18181818,332.18181818,332.18181818,0,0,N/A,N/A,0,-5,"NYSE","Basic Materials","Basic Materials/Agriculture","Common Stock",332.18181818,332.18181818
20080801,332.18181818,332.18181818,332.18181818,332.18181818,0,0,N/A,N/A,0,-5,"NYSE","Basic Materials","Basic Materials/Agriculture","Common Stock",332.18181818,332.18181818
20080804,332.18181818,332.18181818,332.18181818,332.18181818,0,0,N/A,N/A,0,-5,"NYSE","Basic Materials","Basic Materials/Agriculture","Common Stock",332.18181818,332.18181818
20080805,332.18181818,332.18181818,332.18181818,332.18181818,0,0,N/A,N/A,0,-5,"NYSE","Basic Materials","Basic Materials/Agriculture","Common Stock",332.18181818,332.18181818
20080806,332.18181818,332.18181818,332.18181818,332.18181818,0,0,N/A,N/A,0,-5,"NYSE","Basic Materials","Basic Materials/Agriculture","Common Stock",332.18181818,332.18181818
20080807,286.47818182,286.47818182,37.22727273,42.95454545,53,2277,N/A,N/A,0,-5,"NYSE","Basic Materials","Basic Materials/Agriculture","Common Stock",42.95454545,42.95454545
20080808,42.95454545,43.52727273,30.92727273,34.36363636,15,515,N/A,N/A,0,-5,"NYSE","Basic Materials","Basic Materials/Agriculture","Common Stock",34.36363636,34.36363636
20080811,34.36363636,37.45636364,31.50000000,33.79090909,21,710,N/A,N/A,0,-5,"NYSE","Basic Materials","Basic Materials/Agriculture","Common Stock",33.79090909,33.79090909
20080812,33.79090909,33.79090909,32.64545455,32.64545455,1,33,N/A,N/A,0,-5,"NYSE","Basic Materials","Basic Materials/Agriculture","Common Stock",32.64545455,32.64545455
20080813,32.64545455,32.64545455,32.07272727,32.07272727,19,609,N/A,N/A,0,-5,"NYSE","Basic Materials","Basic Materials/Agriculture","Common Stock",32.07272727,32.07272727
20080814,30.92727273,31.50000000,30.92727273,31.50000000,0,0,N/A,N/A,0,-5,"NYSE","Basic Materials","Basic Materials/Agriculture","Common Stock",31.50000000,31.50000000
20080815,32.07272727,32.64545455,31.50000000,32.64545455,16,522,N/A,N/A,0,-5,"NYSE","Basic Materials","Basic Materials/Agriculture","Common Stock",32.64545455,32.64545455
20080818,32.64545455,32.64545455,32.07272727,32.64545455,4,131,N/A,N/A,0,-5,"NYSE","Basic Materials","Basic Materials/Agriculture","Common Stock",32.64545455,32.64545455
20080819,32.64545455,32.64545455,32.64545455,32.64545455,2,65,N/A,N/A,0,-5,"NYSE","Basic Materials","Basic Materials/Agriculture","Common Stock",32.64545455,32.64545455
20080820,32.07272727,32.64545455,29.78181818,29.78181818,2,60,N/A,N/A,0,-5,"NYSE","Basic Materials","Basic Materials/Agriculture","Common Stock",29.78181818,29.78181818
20080821,32.64545455,32.64545455,31.50000000,32.64545455,5,163,N/A,N/A,0,-5,"NYSE","Basic Materials","Basic Materials/Agriculture","Common Stock",32.64545455,32.64545455
20080822,32.64545455,32.64545455,32.07272727,32.07272727,1,32,N/A,N/A,0,-5,"NYSE","Basic Materials","Basic Materials/Agriculture","Common Stock",32.07272727,32.07272727
20080825,32.64545455,33.79090909,32.64545455,33.79090909,5,169,N/A,N/A,0,-5,"NYSE","Basic Materials","Basic Materials/Agriculture","Common Stock",33.79090909,33.79090909
20080826,33.79090909,33.79090909,32.98909091,33.21818182,16,531,N/A,N/A,0,-5,"NYSE","Basic Materials","Basic Materials/Agriculture","Common Stock",33.21818182,33.21818182
20080827,33.21818182,33.21818182,33.21818182,33.21818182,7,233,N/A,N/A,0,-5,"NYSE","Basic Materials","Basic Materials/Agriculture","Common Stock",33.21818182,33.21818182
20080828,33.21818182,42.72545455,33.21818182,41.80909091,111,4641,N/A,N/A,0,-5,"NYSE","Basic Materials","Basic Materials/Agriculture","Common Stock",41.80909091,41.80909091
20080829,41.80909091,42.38181818,40.09090909,41.12181818,35,1439,N/A,N/A,0,-5,"NYSE","Basic Materials","Basic Materials/Agriculture","Common Stock",41.12181818,41.12181818
20080901,41.80909091,42.38181818,40.09090909,41.12181818,0,0,N/A,N/A,0,0,"NYSE","Basic Materials","Basic Materials/Agriculture","Common Stock",3.59000000,41.12181818
20080902,40.66363636,40.66363636,38.94545455,38.94545455,30,1168,N/A,N/A,0,-5,"NYSE","Basic Materials","Basic Materials/Agriculture","Common Stock",38.94545455,38.94545455
20080903,39.51818182,39.51818182,36.65454545,37.80000000,28,1058,N/A,N/A,0,-5,"NYSE","Basic Materials","Basic Materials/Agriculture","Common Stock",37.80000000,37.80000000
20080904,37.80000000,38.94545455,37.80000000,38.94545455,3,117,N/A,N/A,0,-5,"NYSE","Basic Materials","Basic Materials/Agriculture","Common Stock",38.94545455,38.94545455
20080905,39.51818182,39.97636364,37.91454545,39.97636364,20,800,N/A,N/A,0,-5,"NYSE","Basic Materials","Basic Materials/Agriculture","Common Stock",39.97636364,39.97636364
20080908,41.23636364,43.29818182,40.09090909,41.80909091,41,1714,N/A,N/A,0,-5,"NYSE","Basic Materials","Basic Materials/Agriculture","Common Stock",41.80909091,41.80909091
20080909,42.38181818,42.38181818,38.37272727,38.83090909,22,854,N/A,N/A,0,-5,"NYSE","Basic Materials","Basic Materials/Agriculture","Common Stock",38.83090909,38.83090909
20080910,38.94545455,38.94545455,36.65454545,37.68545455,16,603,N/A,N/A,0,-5,"NYSE","Basic Materials","Basic Materials/Agriculture","Common Stock",37.68545455,37.68545455
20080911,37.68545455,37.68545455,36.31090909,36.54000000,7,256,N/A,N/A,0,-5,"NYSE","Basic Materials","Basic Materials/Agriculture","Common Stock",36.54000000,36.54000000
20080912,35.50909091,37.45636364,35.50909091,37.45636364,33,1236,N/A,N/A,0,-5,"NYSE","Basic Materials","Basic Materials/Agriculture","Common Stock",37.45636364,37.45636364
20080915,38.02909091,38.02909091,37.80000000,38.02909091,2,76,N/A,N/A,0,-5,"NYSE","Basic Materials","Basic Materials/Agriculture","Common Stock",38.02909091,38.02909091
20080916,38.37272727,38.94545455,36.65454545,37.80000000,14,529,N/A,N/A,0,-5,"NYSE","Basic Materials","Basic Materials/Agriculture","Common Stock",37.80000000,37.80000000
20080917,37.80000000,37.80000000,36.65454545,37.22727273,13,484,N/A,N/A,0,-5,"NYSE","Basic Materials","Basic Materials/Agriculture","Common Stock",37.22727273,37.22727273
20080918,36.65454545,37.45636364,36.65454545,37.45636364,3,112,N/A,N/A,0,-5,"NYSE","Basic Materials","Basic Materials/Agriculture","Common Stock",37.45636364,37.45636364
20080919,37.45636364,37.45636364,32.07272727,33.21818182,64,2126,N/A,N/A,0,-5,"NYSE","Basic Materials","Basic Materials/Agriculture","Common Stock",33.21818182,33.21818182
20080922,35.50909091,35.50909091,30.35454545,32.64545455,16,522,N/A,N/A,0,-5,"NYSE","Basic Materials","Basic Materials/Agriculture","Common Stock",32.64545455,32.64545455
20080923,32.64545455,34.36363636,32.53090909,34.36363636,19,653,N/A,N/A,0,-5,"NYSE","Basic Materials","Basic Materials/Agriculture","Common Stock",34.36363636,34.36363636
20080924,34.93636364,36.65454545,32.07272727,32.07272727,31,994,N/A,N/A,0,-5,"NYSE","Basic Materials","Basic Materials/Agriculture","Common Stock",32.07272727,32.07272727
20080925,34.36363636,35.96727273,32.64545455,32.64545455,13,424,N/A,N/A,0,-5,"NYSE","Basic Materials","Basic Materials/Agriculture","Common Stock",32.64545455,32.64545455
20080926,33.21818182,34.47818182,31.27090909,33.79090909,18,608,N/A,N/A,0,-5,"NYSE","Basic Materials","Basic Materials/Agriculture","Common Stock",33.79090909,33.79090909
20080929,33.21818182,36.65454545,33.21818182,33.21818182,10,332,N/A,N/A,0,-5,"NYSE","Basic Materials","Basic Materials/Agriculture","Common Stock",33.21818182,33.21818182
20080930,34.36363636,36.08181818,34.36363636,35.28000000,3,106,N/A,N/A,0,-5,"NYSE","Basic Materials","Basic Materials/Agriculture","Common Stock",35.28000000,35.28000000
20081001,34.36363636,34.36363636,34.36363636,34.36363636,0,0,N/A,N/A,0,-5,"NYSE","Basic Materials","Basic Materials/Agriculture","Common Stock",34.36363636,34.36363636
20081002,34.36363636,34.36363636,33.33272727,34.36363636,5,172,N/A,N/A,0,-5,"NYSE","Basic Materials","Basic Materials/Agriculture","Common Stock",34.36363636,34.36363636
20081003,34.36363636,34.36363636,33.21818182,33.21818182,17,565,N/A,N/A,0,-5,"NYSE","Basic Materials","Basic Materials/Agriculture","Common Stock",33.21818182,33.21818182
20081006,33.79090909,33.79090909,28.63636364,29.20909091,14,409,N/A,N/A,0,-5,"NYSE","Basic Materials","Basic Materials/Agriculture","Common Stock",29.20909091,29.20909091
20081007,26.80363636,29.78181818,21.07636364,26.34545455,20,527,N/A,N/A,0,-5,"NYSE","Basic Materials","Basic Materials/Agriculture","Common Stock",26.34545455,26.34545455
20081008,26.34545455,26.34545455,26.34545455,26.34545455,0,0,N/A,N/A,0,-5,"NYSE","Basic Materials","Basic Materials/Agriculture","Common Stock",26.34545455,26.34545455
20081009,25.77272727,33.90545455,25.77272727,30.92727273,39,1206,N/A,N/A,0,-5,"NYSE","Basic Materials","Basic Materials/Agriculture","Common Stock",30.92727273,30.92727273
20081010,30.92727273,32.07272727,29.43818182,30.35454545,43,1305,N/A,N/A,0,-5,"NYSE","Basic Materials","Basic Materials/Agriculture","Common Stock",30.35454545,30.35454545
20081013,32.64545455,33.79090909,32.07272727,32.64545455,39,1273,N/A,N/A,0,-5,"NYSE","Basic Materials","Basic Materials/Agriculture","Common Stock",32.64545455,32.64545455
20081014,32.64545455,34.13454545,31.50000000,31.50000000,42,1323,N/A,N/A,0,-5,"NYSE","Basic Materials","Basic Materials/Agriculture","Common Stock",31.50000000,31.50000000
20081015,31.50000000,31.50000000,30.92727273,31.50000000,12,378,N/A,N/A,0,-5,"NYSE","Basic Materials","Basic Materials/Agriculture","Common Stock",31.50000000,31.50000000
20081016,31.50000000,32.07272727,30.35454545,30.35454545,15,455,N/A,N/A,0,-5,"NYSE","Basic Materials","Basic Materials/Agriculture","Common Stock",30.35454545,30.35454545
20081017,30.92727273,30.92727273,29.78181818,29.78181818,30,893,N/A,N/A,0,-5,"NYSE","Basic Materials","Basic Materials/Agriculture","Common Stock",29.78181818,29.78181818
20081020,31.50000000,31.50000000,29.78181818,29.78181818,24,715,N/A,N/A,0,-5,"NYSE","Basic Materials","Basic Materials/Agriculture","Common Stock",29.78181818,29.78181818
20081021,30.92727273,30.92727273,29.20909091,29.32363636,15,440,N/A,N/A,0,-5,"NYSE","Basic Materials","Basic Materials/Agriculture","Common Stock",29.32363636,29.32363636
20081022,29.32363636,32.07272727,29.32363636,31.50000000,10,315,N/A,N/A,0,-5,"NYSE","Basic Materials","Basic Materials/Agriculture","Common Stock",31.50000000,31.50000000
20081023,31.95818182,31.95818182,29.89636364,29.89636364,3,90,N/A,N/A,0,-5,"NYSE","Basic Materials","Basic Materials/Agriculture","Common Stock",29.89636364,29.89636364
20081024,29.78181818,30.81272727,28.29272727,28.63636364,15,430,N/A,N/A,0,-5,"NYSE","Basic Materials","Basic Materials/Agriculture","Common Stock",28.63636364,28.63636364
20081027,28.63636364,29.78181818,28.40727273,28.40727273,7,199,N/A,N/A,0,-5,"NYSE","Basic Materials","Basic Materials/Agriculture","Common Stock",28.40727273,28.40727273
20081028,28.06363636,30.92727273,28.06363636,28.63636364,9,258,N/A,N/A,0,-5,"NYSE","Basic Materials","Basic Materials/Agriculture","Common Stock",28.63636364,28.63636364
20081029,31.72909091,31.72909091,28.63636364,28.63636364,51,1460,N/A,N/A,0,-5,"NYSE","Basic Materials","Basic Materials/Agriculture","Common Stock",28.63636364,28.63636364
20081030,28.86545455,29.78181818,28.63636364,29.09454545,14,407,N/A,N/A,0,-5,"NYSE","Basic Materials","Basic Materials/Agriculture","Common Stock",29.09454545,29.09454545
20081031,28.63636364,29.09454545,28.06363636,28.06363636,29,814,N/A,N/A,0,-5,"NYSE","Basic Materials","Basic Materials/Agriculture","Common Stock",28.06363636,28.06363636
20081103,28.06363636,29.20909091,28.06363636,28.75090909,15,431,N/A,N/A,0,-5,"NYSE","Basic Materials","Basic Materials/Agriculture","Common Stock",28.75090909,28.75090909
20081104,29.32363636,30.92727273,27.94909091,27.94909091,27,755,N/A,N/A,0,-5,"NYSE","Basic Materials","Basic Materials/Agriculture","Common Stock",27.94909091,27.94909091
20081105,30.92727273,30.92727273,27.83454545,27.83454545,46,1280,N/A,N/A,0,-5,"NYSE","Basic Materials","Basic Materials/Agriculture","Common Stock",27.83454545,27.83454545
20081106,28.06363636,28.52181818,27.26181818,27.26181818,12,327,N/A,N/A,0,-5,"NYSE","Basic Materials","Basic Materials/Agriculture","Common Stock",27.26181818,27.26181818
20081107,27.26181818,27.26181818,25.77272727,25.88727273,35,906,N/A,N/A,0,-5,"NYSE","Basic Materials","Basic Materials/Agriculture","Common Stock",25.88727273,25.88727273
20081110,25.88727273,28.98000000,25.88727273,28.06363636,18,505,N/A,N/A,0,-5,"NYSE","Basic Materials","Basic Materials/Agriculture","Common Stock",28.06363636,28.06363636
20081111,28.06363636,28.40727273,27.49090909,28.17818182,8,225,N/A,N/A,0,-5,"NYSE","Basic Materials","Basic Materials/Agriculture","Common Stock",28.17818182,28.17818182
20081112,28.63636364,28.63636364,25.88727273,26.68909091,17,454,N/A,N/A,0,-5,"NYSE","Basic Materials","Basic Materials/Agriculture","Common Stock",26.68909091,26.68909091
20081113,27.83454545,28.98000000,27.83454545,28.86545455,7,202,N/A,N/A,0,-5,"NYSE","Basic Materials","Basic Materials/Agriculture","Common Stock",28.86545455,28.86545455
20081114,28.63636364,28.63636364,27.83454545,28.40727273,5,142,N/A,N/A,0,-5,"NYSE","Basic Materials","Basic Materials/Agriculture","Common Stock",28.40727273,28.40727273
20081117,28.40727273,28.63636364,27.49090909,27.49090909,21,577,N/A,N/A,0,-5,"NYSE","Basic Materials","Basic Materials/Agriculture","Common Stock",27.49090909,27.49090909
20081118,27.49090909,28.63636364,27.49090909,27.49090909,5,137,N/A,N/A,0,-5,"NYSE","Basic Materials","Basic Materials/Agriculture","Common Stock",27.49090909,27.49090909
20081119,26.91818182,27.37636364,25.20000000,25.20000000,22,554,N/A,N/A,0,-5,"NYSE","Basic Materials","Basic Materials/Agriculture","Common Stock",25.20000000,25.20000000
20081120,24.97090909,25.31454545,24.28363636,24.28363636,14,340,N/A,N/A,0,-5,"NYSE","Basic Materials","Basic Materials/Agriculture","Common Stock",24.28363636,24.28363636
20081121,25.20000000,25.20000000,24.39818182,25.20000000,5,126,N/A,N/A,0,-5,"NYSE","Basic Materials","Basic Materials/Agriculture","Common Stock",25.20000000,25.20000000
20081124,27.49090909,27.49090909,24.62727273,25.77272727,9,232,N/A,N/A,0,-5,"NYSE","Basic Materials","Basic Materials/Agriculture","Common Stock",25.77272727,25.77272727
20081125,26.34545455,26.34545455,24.62727273,25.54363636,16,409,N/A,N/A,0,-5,"NYSE","Basic Materials","Basic Materials/Agriculture","Common Stock",25.54363636,25.54363636
20081126,25.77272727,25.77272727,25.31454545,25.77272727,17,438,N/A,N/A,0,-5,"NYSE","Basic Materials","Basic Materials/Agriculture","Common Stock",25.77272727,25.77272727
20081127,25.77272727,25.77272727,25.31454545,25.77272727,0,0,N/A,N/A,0,0,"NYSE","Basic Materials","Basic Materials/Agriculture","Common Stock",2.25000000,25.77272727
20081128,25.77272727,28.63636364,25.20000000,28.63636364,21,601,N/A,N/A,0,-5,"NYSE","Basic Materials","Basic Materials/Agriculture","Common Stock",28.63636364,28.63636364
20081201,28.63636364,29.43818182,28.63636364,29.20909091,46,1344,N/A,N/A,0,-5,"NYSE","Basic Materials","Basic Materials/Agriculture","Common Stock",29.20909091,29.20909091
20081202,29.78181818,29.78181818,29.32363636,29.32363636,3,88,N/A,N/A,0,-5,"NYSE","Basic Materials","Basic Materials/Agriculture","Common Stock",29.32363636,29.32363636
20081203,29.66727273,30.35454545,29.66727273,30.35454545,8,243,N/A,N/A,0,-5,"NYSE","Basic Materials","Basic Materials/Agriculture","Common Stock",30.35454545,30.35454545
20081204,30.35454545,31.50000000,30.35454545,31.50000000,3,95,N/A,N/A,0,-5,"NYSE","Basic Materials","Basic Materials/Agriculture","Common Stock",31.50000000,31.50000000
20081205,32.64545455,36.65454545,30.35454545,36.42545455,11,401,N/A,N/A,0,-5,"NYSE","Basic Materials","Basic Materials/Agriculture","Common Stock",36.42545455,36.42545455
20081208,36.65454545,38.94545455,36.31090909,37.80000000,15,567,N/A,N/A,0,-5,"NYSE","Basic Materials","Basic Materials/Agriculture","Common Stock",37.80000000,37.80000000
20081209,38.37272727,39.06000000,36.88363636,37.80000000,16,605,N/A,N/A,0,-5,"NYSE","Basic Materials","Basic Materials/Agriculture","Common Stock",37.80000000,37.80000000
20081210,37.80000000,37.80000000,36.88363636,37.80000000,2,76,N/A,N/A,0,-5,"NYSE","Basic Materials","Basic Materials/Agriculture","Common Stock",37.80000000,37.80000000
20081211,37.80000000,38.37272727,35.50909091,38.37272727,11,422,N/A,N/A,0,-5,"NYSE","Basic Materials","Basic Materials/Agriculture","Common Stock",38.37272727,38.37272727
20081212,38.94545455,38.94545455,34.93636364,37.22727273,10,372,N/A,N/A,0,-5,"NYSE","Basic Materials","Basic Materials/Agriculture","Common Stock",37.22727273,37.22727273
20081215,37.80000000,37.80000000,35.50909091,37.80000000,3,113,N/A,N/A,0,-5,"NYSE","Basic Materials","Basic Materials/Agriculture","Common Stock",37.80000000,37.80000000
20081216,35.50909091,38.37272727,33.79090909,38.37272727,8,307,N/A,N/A,0,-5,"NYSE","Basic Materials","Basic Materials/Agriculture","Common Stock",38.37272727,38.37272727
20081217,38.37272727,38.37272727,35.50909091,38.37272727,3,115,N/A,N/A,0,-5,"NYSE","Basic Materials","Basic Materials/Agriculture","Common Stock",38.37272727,38.37272727
20081218,38.25818182,38.25818182,38.14363636,38.14363636,1,38,N/A,N/A,0,-5,"NYSE","Basic Materials","Basic Materials/Agriculture","Common Stock",38.14363636,38.14363636
20081219,37.80000000,37.80000000,37.80000000,37.80000000,0,0,N/A,N/A,0,-5,"NYSE","Basic Materials","Basic Materials/Agriculture","Common Stock",37.80000000,37.80000000
20081222,33.21818182,36.65454545,33.21818182,36.65454545,1,37,N/A,N/A,0,-5,"NYSE","Basic Materials","Basic Materials/Agriculture","Common Stock",36.65454545,36.65454545
20081223,36.65454545,36.65454545,36.65454545,36.65454545,0,0,N/A,N/A,0,-5,"NYSE","Basic Materials","Basic Materials/Agriculture","Common Stock",36.65454545,36.65454545
20081224,36.65454545,36.65454545,33.33272727,36.65454545,4,147,N/A,N/A,0,-5,"NYSE","Basic Materials","Basic Materials/Agriculture","Common Stock",36.65454545,36.65454545
20081225,36.65454545,36.65454545,33.33272727,36.65454545,0,0,N/A,N/A,0,0,"NYSE","Basic Materials","Basic Materials/Agriculture","Common Stock",3.20000000,36.65454545
20081226,35.50909091,35.50909091,33.21818182,34.93636364,3,105,N/A,N/A,0,-5,"NYSE","Basic Materials","Basic Materials/Agriculture","Common Stock",34.93636364,34.93636364
20081229,34.93636364,34.93636364,33.21818182,33.21818182,4,133,N/A,N/A,0,-5,"NYSE","Basic Materials","Basic Materials/Agriculture","Common Stock",33.21818182,33.21818182
20081230,34.93636364,37.80000000,34.93636364,37.80000000,5,189,N/A,N/A,0,-5,"NYSE","Basic Materials","Basic Materials/Agriculture","Common Stock",37.80000000,37.80000000
20081231,34.36363636,37.45636364,33.21818182,35.50909091,4,142,N/A,N/A,0,-5,"NYSE","Basic Materials","Basic Materials/Agriculture","Common Stock",35.50909091,35.50909091
20090101,34.36363636,37.45636364,33.21818182,35.50909091,0,0,N/A,N/A,0,0,"NYSE","Basic Materials","Basic Materials/Agriculture","Common Stock",3.10000000,35.50909091
20090102,36.65454545,37.45636364,36.65454545,37.45636364,2,75,N/A,N/A,0,-5,"NYSE","Basic Materials","Basic Materials/Agriculture","Common Stock",37.45636364,37.45636364
20090105,37.45636364,37.45636364,37.22727273,37.22727273,3,112,N/A,N/A,0,-5,"NYSE","Basic Materials","Basic Materials/Agriculture","Common Stock",37.22727273,37.22727273
20090106,37.22727273,37.22727273,35.50909091,37.22727273,34,1266,N/A,N/A,0,-5,"NYSE","Basic Materials","Basic Materials/Agriculture","Common Stock",37.22727273,37.22727273
20090107,37.22727273,37.45636364,36.65454545,37.34181818,23,859,N/A,N/A,0,-5,"NYSE","Basic Materials","Basic Materials/Agriculture","Common Stock",37.34181818,37.34181818
20090108,37.34181818,37.45636364,36.65454545,37.22727273,21,782,N/A,N/A,0,-5,"NYSE","Basic Materials","Basic Materials/Agriculture","Common Stock",37.22727273,37.22727273
20090109,37.22727273,37.22727273,36.08181818,37.22727273,4,149,N/A,N/A,0,-5,"NYSE","Basic Materials","Basic Materials/Agriculture","Common Stock",37.22727273,37.22727273
20090112,37.22727273,37.22727273,30.58363636,35.50909091,44,1562,N/A,N/A,0,-5,"NYSE","Basic Materials","Basic Materials/Agriculture","Common Stock",35.50909091,35.50909091
20090113,36.08181818,36.08181818,36.08181818,36.08181818,0,0,N/A,N/A,0,-5,"NYSE","Basic Materials","Basic Materials/Agriculture","Common Stock",36.08181818,36.08181818
20090114,36.65454545,36.65454545,36.65454545,36.65454545,5,183,N/A,N/A,0,-5,"NYSE","Basic Materials","Basic Materials/Agriculture","Common Stock",36.65454545,36.65454545
20090115,36.65454545,36.65454545,33.21818182,36.31090909,11,399,N/A,N/A,0,-5,"NYSE","Basic Materials","Basic Materials/Agriculture","Common Stock",36.31090909,36.31090909
20090116,36.42545455,36.42545455,34.47818182,36.42545455,6,219,N/A,N/A,0,-5,"NYSE","Basic Materials","Basic Materials/Agriculture","Common Stock",36.42545455,36.42545455
20090119,36.42545455,36.42545455,34.47818182,36.42545455,0,0,N/A,N/A,0,0,"NYSE","Basic Materials","Basic Materials/Agriculture","Common Stock",3.18000000,36.42545455
20090120,36.31090909,36.31090909,35.16545455,36.31090909,3,109,N/A,N/A,0,-5,"NYSE","Basic Materials","Basic Materials/Agriculture","Common Stock",36.31090909,36.31090909
20090121,36.08181818,36.42545455,31.50000000,33.21818182,37,1229,N/A,N/A,0,-5,"NYSE","Basic Materials","Basic Materials/Agriculture","Common Stock",33.21818182,33.21818182
20090122,31.50000000,33.21818182,31.50000000,33.21818182,1,33,N/A,N/A,0,-5,"NYSE","Basic Materials","Basic Materials/Agriculture","Common Stock",33.21818182,33.21818182
20090123,33.21818182,33.21818182,33.21818182,33.21818182,6,199,N/A,N/A,0,-5,"NYSE","Basic Materials","Basic Materials/Agriculture","Common Stock",33.21818182,33.21818182
20090126,33.21818182,36.42545455,33.21818182,36.42545455,2,73,N/A,N/A,0,-5,"NYSE","Basic Materials","Basic Materials/Agriculture","Common Stock",36.42545455,36.42545455
20090127,31.84363636,36.31090909,31.84363636,35.96727273,2,72,N/A,N/A,0,-5,"NYSE","Basic Materials","Basic Materials/Agriculture","Common Stock",35.96727273,35.96727273
20090128,34.36363636,36.65454545,34.36363636,36.65454545,5,183,N/A,N/A,0,-5,"NYSE","Basic Materials","Basic Materials/Agriculture","Common Stock",36.65454545,36.65454545
20090129,35.96727273,35.96727273,33.56181818,35.96727273,5,180,N/A,N/A,0,-5,"NYSE","Basic Materials","Basic Materials/Agriculture","Common Stock",35.96727273,35.96727273
20090130,33.56181818,35.96727273,33.56181818,35.96727273,1,36,N/A,N/A,0,-5,"NYSE","Basic Materials","Basic Materials/Agriculture","Common Stock",35.96727273,35.96727273
20090202,35.96727273,35.96727273,30.92727273,35.50909091,7,249,N/A,N/A,0,-5,"NYSE","Basic Materials","Basic Materials/Agriculture","Common Stock",35.50909091,35.50909091
20090203,32.07272727,35.96727273,32.07272727,35.96727273,0,0,N/A,N/A,0,-5,"NYSE","Basic Materials","Basic Materials/Agriculture","Common Stock",35.96727273,35.96727273
20090204,32.07272727,35.96727273,29.78181818,35.85272727,2,72,N/A,N/A,0,-5,"NYSE","Basic Materials","Basic Materials/Agriculture","Common Stock",35.85272727,35.85272727
20090205,35.85272727,35.85272727,35.85272727,35.85272727,0,0,N/A,N/A,0,-5,"NYSE","Basic Materials","Basic Materials/Agriculture","Common Stock",35.85272727,35.85272727
20090206,35.85272727,35.85272727,35.85272727,35.85272727,0,0,N/A,N/A,0,-5,"NYSE","Basic Materials","Basic Materials/Agriculture","Common Stock",35.85272727,35.85272727
20090209,35.50909091,35.50909091,35.50909091,35.50909091,3,107,N/A,N/A,0,-5,"NYSE","Basic Materials","Basic Materials/Agriculture","Common Stock",35.50909091,35.50909091
20090210,35.50909091,35.50909091,35.50909091,35.50909091,1,36,N/A,N/A,0,-5,"NYSE","Basic Materials","Basic Materials/Agriculture","Common Stock",35.50909091,35.50909091
20090211,34.36363636,35.50909091,34.36363636,35.50909091,1,36,N/A,N/A,0,-5,"NYSE","Basic Materials","Basic Materials/Agriculture","Common Stock",35.50909091,35.50909091
20090212,35.50909091,36.08181818,35.39454545,35.96727273,23,827,N/A,N/A,0,-5,"NYSE","Basic Materials","Basic Materials/Agriculture","Common Stock",35.96727273,35.96727273
20090213,35.96727273,35.96727273,35.96727273,35.96727273,11,396,N/A,N/A,0,-5,"NYSE","Basic Materials","Basic Materials/Agriculture","Common Stock",35.96727273,35.96727273
20090216,35.96727273,35.96727273,35.96727273,35.96727273,0,0,N/A,N/A,0,0,"NYSE","Basic Materials","Basic Materials/Agriculture","Common Stock",3.14000000,35.96727273
20090217,35.85272727,35.85272727,35.73818182,35.73818182,9,322,N/A,N/A,0,-5,"NYSE","Basic Materials","Basic Materials/Agriculture","Common Stock",35.73818182,35.73818182
20090218,35.73818182,35.85272727,35.73818182,35.73818182,6,214,N/A,N/A,0,-5,"NYSE","Basic Materials","Basic Materials/Agriculture","Common Stock",35.73818182,35.73818182
20090219,35.85272727,35.85272727,35.73818182,35.85272727,18,645,N/A,N/A,0,-5,"NYSE","Basic Materials","Basic Materials/Agriculture","Common Stock",35.85272727,35.85272727
20090220,35.73818182,35.73818182,35.05090909,35.73818182,5,179,N/A,N/A,0,-5,"NYSE","Basic Materials","Basic Materials/Agriculture","Common Stock",35.73818182,35.73818182
20090223,35.73818182,37.22727273,35.73818182,37.22727273,6,223,N/A,N/A,0,-5,"NYSE","Basic Materials","Basic Materials/Agriculture","Common Stock",37.22727273,37.22727273
20090224,37.22727273,37.22727273,37.22727273,37.22727273,1,37,N/A,N/A,0,-5,"NYSE","Basic Materials","Basic Materials/Agriculture","Common Stock",37.22727273,37.22727273
20090225,37.22727273,37.22727273,37.22727273,37.22727273,3,112,N/A,N/A,0,-5,"NYSE","Basic Materials","Basic Materials/Agriculture","Common Stock",37.22727273,37.22727273
20090226,37.22727273,37.22727273,36.08181818,36.08181818,3,108,N/A,N/A,0,-5,"NYSE","Basic Materials","Basic Materials/Agriculture","Common Stock",36.08181818,36.08181818
20090227,36.65454545,37.22727273,36.08181818,37.22727273,9,335,N/A,N/A,0,-5,"NYSE","Basic Materials","Basic Materials/Agriculture","Common Stock",37.22727273,37.22727273
20090302,37.22727273,37.22727273,36.08181818,37.22727273,5,186,N/A,N/A,0,-5,"NYSE","Basic Materials","Basic Materials/Agriculture","Common Stock",37.22727273,37.22727273
20090303,37.22727273,37.22727273,29.78181818,37.22727273,6,223,N/A,N/A,0,-5,"NYSE","Basic Materials","Basic Materials/Agriculture","Common Stock",37.22727273,37.22727273
20090304,30.35454545,37.22727273,30.35454545,37.22727273,2,74,N/A,N/A,0,-5,"NYSE","Basic Materials","Basic Materials/Agriculture","Common Stock",37.22727273,37.22727273
20090305,35.73818182,36.65454545,35.73818182,36.65454545,0,0,N/A,N/A,0,-5,"NYSE","Basic Materials","Basic Materials/Agriculture","Common Stock",36.65454545,36.65454545
20090306,36.65454545,37.22727273,35.85272727,37.22727273,11,409,N/A,N/A,0,-5,"NYSE","Basic Materials","Basic Materials/Agriculture","Common Stock",37.22727273,37.22727273
20090309,37.80000000,38.94545455,35.50909091,37.80000000,3,113,N/A,N/A,0,-5,"NYSE","Basic Materials","Basic Materials/Agriculture","Common Stock",37.80000000,37.80000000
20090310,37.34181818,37.80000000,37.34181818,37.80000000,2,76,N/A,N/A,0,-5,"NYSE","Basic Materials","Basic Materials/Agriculture","Common Stock",37.80000000,37.80000000
20090311,37.57090909,37.80000000,37.34181818,37.34181818,4,149,N/A,N/A,0,-5,"NYSE","Basic Materials","Basic Materials/Agriculture","Common Stock",37.34181818,37.34181818
20090312,37.34181818,37.80000000,36.65454545,37.80000000,12,454,N/A,N/A,0,-5,"NYSE","Basic Materials","Basic Materials/Agriculture","Common Stock",37.80000000,37.80000000
20090313,38.83090909,38.94545455,37.80000000,37.80000000,5,189,N/A,N/A,0,-5,"NYSE","Basic Materials","Basic Materials/Agriculture","Common Stock",37.80000000,37.80000000
20090316,38.83090909,38.94545455,37.91454545,38.83090909,6,233,N/A,N/A,0,-5,"NYSE","Basic Materials","Basic Materials/Agriculture","Common Stock",38.83090909,38.83090909
20090317,38.94545455,38.94545455,37.91454545,38.94545455,16,623,N/A,N/A,0,-5,"NYSE","Basic Materials","Basic Materials/Agriculture","Common Stock",38.94545455,38.94545455
20090318,37.80000000,38.94545455,37.80000000,38.83090909,5,194,N/A,N/A,0,-5,"NYSE","Basic Materials","Basic Materials/Agriculture","Common Stock",38.83090909,38.83090909
20090319,38.94545455,39.51818182,37.68545455,38.94545455,11,428,N/A,N/A,0,-5,"NYSE","Basic Materials","Basic Materials/Agriculture","Common Stock",38.94545455,38.94545455
20090320,40.09090909,40.09090909,37.80000000,38.71636364,6,232,N/A,N/A,0,-5,"NYSE","Basic Materials","Basic Materials/Agriculture","Common Stock",38.71636364,38.71636364
20090323,40.09090909,40.09090909,37.22727273,38.71636364,10,387,N/A,N/A,0,-5,"NYSE","Basic Materials","Basic Materials/Agriculture","Common Stock",38.71636364,38.71636364
20090324,38.14363636,38.94545455,38.14363636,38.94545455,5,195,N/A,N/A,0,-5,"NYSE","Basic Materials","Basic Materials/Agriculture","Common Stock",38.94545455,38.94545455
20090325,38.94545455,38.94545455,37.80000000,38.83090909,13,505,N/A,N/A,0,-5,"NYSE","Basic Materials","Basic Materials/Agriculture","Common Stock",38.83090909,38.83090909
20090326,37.91454545,44.67272727,37.80000000,38.83090909,12,466,N/A,N/A,0,-5,"NYSE","Basic Materials","Basic Materials/Agriculture","Common Stock",38.83090909,38.83090909
20090327,38.83090909,38.83090909,37.80000000,38.48727273,4,154,N/A,N/A,0,-5,"NYSE","Basic Materials","Basic Materials/Agriculture","Common Stock",38.48727273,38.48727273
20090330,38.02909091,41.35090909,37.91454545,38.37272727,2,77,N/A,N/A,0,-5,"NYSE","Basic Materials","Basic Materials/Agriculture","Common Stock",38.37272727,38.37272727
20090331,38.37272727,38.48727273,38.37272727,38.37272727,3,115,N/A,N/A,0,-5,"NYSE","Basic Materials","Basic Materials/Agriculture","Common Stock",38.37272727,38.37272727
20090401,38.37272727,38.37272727,37.91454545,38.14363636,7,267,N/A,N/A,0,-5,"NYSE","Basic Materials","Basic Materials/Agriculture","Common Stock",38.14363636,38.14363636
20090402,37.80000000,39.17454545,37.57090909,37.91454545,44,1668,N/A,N/A,0,-5,"NYSE","Basic Materials","Basic Materials/Agriculture","Common Stock",37.91454545,37.91454545
20090403,38.71636364,38.83090909,37.91454545,38.83090909,15,582,N/A,N/A,0,-5,"NYSE","Basic Materials","Basic Materials/Agriculture","Common Stock",38.83090909,38.83090909
20090406,39.97636364,45.70363636,38.02909091,40.66363636,51,2074,N/A,N/A,0,-5,"NYSE","Basic Materials","Basic Materials/Agriculture","Common Stock",40.66363636,40.66363636
20090407,43.41272727,50.40000000,40.43454545,42.84000000,67,2870,N/A,N/A,0,-5,"NYSE","Basic Materials","Basic Materials/Agriculture","Common Stock",42.84000000,42.84000000
20090408,42.38181818,45.13090909,42.38181818,43.75636364,58,2538,N/A,N/A,0,-5,"NYSE","Basic Materials","Basic Materials/Agriculture","Common Stock",43.75636364,43.75636364
20090409,48.10909091,48.10909091,44.10000000,45.81818182,548,25108,N/A,N/A,0,-5,"NYSE","Basic Materials","Basic Materials/Agriculture","Common Stock",45.81818182,45.81818182
20090410,48.10909091,48.10909091,44.10000000,45.81818182,0,0,N/A,N/A,0,0,"NYSE","Basic Materials","Basic Materials/Agriculture","Common Stock",4.00000000,45.81818182
20090413,47.42181818,48.79636364,45.93272727,48.79636364,68,3318,N/A,N/A,0,-5,"NYSE","Basic Materials","Basic Materials/Agriculture","Common Stock",48.79636364,48.79636364
20090414,48.22363636,56.12727273,48.22363636,56.01272727,141,7898,N/A,N/A,0,-5,"NYSE","Basic Materials","Basic Materials/Agriculture","Common Stock",56.01272727,56.01272727
20090415,56.70000000,57.27272727,54.40909091,56.12727273,100,5613,N/A,N/A,0,-5,"NYSE","Basic Materials","Basic Materials/Agriculture","Common Stock",56.12727273,56.12727273
20090416,56.12727273,56.47090909,54.52363636,55.55454545,55,3056,N/A,N/A,0,-5,"NYSE","Basic Materials","Basic Materials/Agriculture","Common Stock",55.55454545,55.55454545
20090417,56.12727273,56.12727273,54.52363636,54.52363636,44,2399,N/A,N/A,0,-5,"NYSE","Basic Materials","Basic Materials/Agriculture","Common Stock",54.52363636,54.52363636
20090420,55.89818182,57.27272727,49.25454545,49.36909091,71,3505,N/A,N/A,0,-5,"NYSE","Basic Materials","Basic Materials/Agriculture","Common Stock",49.36909091,49.36909091
20090421,49.82727273,49.82727273,45.81818182,49.59818182,89,4414,N/A,N/A,0,-5,"NYSE","Basic Materials","Basic Materials/Agriculture","Common Stock",49.59818182,49.59818182
20090422,50.17090909,56.70000000,49.82727273,54.40909091,48,2612,N/A,N/A,0,-5,"NYSE","Basic Materials","Basic Materials/Agriculture","Common Stock",54.40909091,54.40909091
20090423,56.01272727,56.12727273,52.23272727,53.83636364,36,1938,N/A,N/A,0,-5,"NYSE","Basic Materials","Basic Materials/Agriculture","Common Stock",53.83636364,53.83636364
20090424,49.14000000,56.01272727,49.14000000,54.63818182,28,1530,N/A,N/A,0,-5,"NYSE","Basic Materials","Basic Materials/Agriculture","Common Stock",54.63818182,54.63818182
20090427,53.26363636,56.12727273,52.11818182,54.40909091,65,3537,N/A,N/A,0,-5,"NYSE","Basic Materials","Basic Materials/Agriculture","Common Stock",54.40909091,54.40909091
20090428,55.89818182,55.89818182,52.69090909,53.83636364,51,2746,N/A,N/A,0,-5,"NYSE","Basic Materials","Basic Materials/Agriculture","Common Stock",53.83636364,53.83636364
20090429,54.98181818,56.12727273,52.92000000,53.83636364,41,2207,N/A,N/A,0,-5,"NYSE","Basic Materials","Basic Materials/Agriculture","Common Stock",53.83636364,53.83636364
20090430,56.24181818,57.84545455,53.37818182,56.70000000,53,3005,N/A,N/A,0,-5,"NYSE","Basic Materials","Basic Materials/Agriculture","Common Stock",56.70000000,56.70000000
20090501,58.18909091,65.86363636,57.04363636,62.42727273,173,10800,N/A,N/A,0,-5,"NYSE","Basic Materials","Basic Materials/Agriculture","Common Stock",62.42727273,62.42727273
20090504,68.26909091,71.01818182,62.42727273,68.72727273,252,17319,N/A,N/A,0,-5,"NYSE","Basic Materials","Basic Materials/Agriculture","Common Stock",68.72727273,68.72727273
20090505,71.36181818,75.48545455,65.86363636,68.72727273,100,6873,N/A,N/A,0,-5,"NYSE","Basic Materials","Basic Materials/Agriculture","Common Stock",68.72727273,68.72727273
20090506,73.99636364,73.99636364,68.72727273,71.36181818,106,7564,N/A,N/A,0,-5,"NYSE","Basic Materials","Basic Materials/Agriculture","Common Stock",71.36181818,71.36181818
20090507,73.65272727,73.65272727,62.54181818,66.78000000,108,7212,N/A,N/A,0,-5,"NYSE","Basic Materials","Basic Materials/Agriculture","Common Stock",66.78000000,66.78000000
20090508,66.43636364,73.30909091,66.43636364,73.30909091,74,5425,N/A,N/A,0,-5,"NYSE","Basic Materials","Basic Materials/Agriculture","Common Stock",73.30909091,73.30909091
20090511,73.76727273,77.89090909,70.56000000,75.02727273,155,11629,N/A,N/A,0,-5,"NYSE","Basic Materials","Basic Materials/Agriculture","Common Stock",75.02727273,75.02727273
20090512,88.65818182,91.63636364,81.32727273,84.19090909,283,23826,N/A,N/A,0,-5,"NYSE","Basic Materials","Basic Materials/Agriculture","Common Stock",84.19090909,84.19090909
20090513,84.07636364,84.19090909,69.30000000,73.30909091,202,14808,N/A,N/A,0,-5,"NYSE","Basic Materials","Basic Materials/Agriculture","Common Stock",73.30909091,73.30909091
20090514,73.42363636,82.93090909,69.30000000,79.03636364,104,8220,N/A,N/A,0,-5,"NYSE","Basic Materials","Basic Materials/Agriculture","Common Stock",79.03636364,79.03636364
20090515,85.22181818,85.22181818,79.15090909,82.01454545,130,10662,N/A,N/A,0,-5,"NYSE","Basic Materials","Basic Materials/Agriculture","Common Stock",82.01454545,82.01454545
20090518,86.82545455,89.34545455,84.76363636,89.11636364,340,30300,N/A,N/A,0,-5,"NYSE","Basic Materials","Basic Materials/Agriculture","Common Stock",89.11636364,89.11636364
20090519,91.63636364,99.54000000,89.11636364,96.21818182,577,55518,N/A,N/A,0,-5,"NYSE","Basic Materials","Basic Materials/Agriculture","Common Stock",96.21818182,96.21818182
20090520,100.11272727,103.09090909,97.70727273,98.62363636,392,38660,N/A,N/A,0,-5,"NYSE","Basic Materials","Basic Materials/Agriculture","Common Stock",98.62363636,98.62363636
20090521,100.11272727,100.11272727,95.64545455,97.36363636,316,30767,N/A,N/A,0,-5,"NYSE","Basic Materials","Basic Materials/Agriculture","Common Stock",97.36363636,97.36363636
20090522,100.22727273,103.09090909,94.61454545,95.64545455,212,20277,N/A,N/A,0,-5,"NYSE","Basic Materials","Basic Materials/Agriculture","Common Stock",95.64545455,95.64545455
20090525,100.22727273,103.09090909,94.61454545,95.64545455,0,0,N/A,N/A,0,0,"NYSE","Basic Materials","Basic Materials/Agriculture","Common Stock",8.35000000,95.64545455
20090526,98.50909091,98.50909091,88.31454545,91.63636364,434,39770,N/A,N/A,0,-5,"NYSE","Basic Materials","Basic Materials/Agriculture","Common Stock",91.63636364,91.63636364
20090527,91.63636364,95.07272727,88.77272727,90.37636364,163,14731,N/A,N/A,0,-5,"NYSE","Basic Materials","Basic Materials/Agriculture","Common Stock",90.37636364,90.37636364
20090528,94.95818182,94.95818182,90.26181818,92.55272727,211,19529,N/A,N/A,0,-5,"NYSE","Basic Materials","Basic Materials/Agriculture","Common Stock",92.55272727,92.55272727
20090529,95.30181818,95.30181818,89.91818182,90.94909091,183,16644,N/A,N/A,0,-5,"NYSE","Basic Materials","Basic Materials/Agriculture","Common Stock",90.94909091,90.94909091
20090601,94.15636364,94.15636364,86.25272727,86.59636364,325,28144,N/A,N/A,0,-5,"NYSE","Basic Materials","Basic Materials/Agriculture","Common Stock",86.59636364,86.59636364
20090602,91.29272727,91.29272727,87.05454545,87.05454545,277,24114,N/A,N/A,0,-5,"NYSE","Basic Materials","Basic Materials/Agriculture","Common Stock",87.05454545,87.05454545
20090603,87.05454545,87.05454545,81.32727273,83.61818182,240,20068,N/A,N/A,0,-5,"NYSE","Basic Materials","Basic Materials/Agriculture","Common Stock",83.61818182,83.61818182
20090604,85.33636364,91.63636364,84.42000000,91.63636364,312,28591,N/A,N/A,0,-5,"NYSE","Basic Materials","Basic Materials/Agriculture","Common Stock",91.63636364,91.63636364
20090605,92.20909091,94.50000000,88.88727273,89.34545455,293,26178,N/A,N/A,0,-5,"NYSE","Basic Materials","Basic Materials/Agriculture","Common Stock",89.34545455,89.34545455
20090608,89.91818182,89.91818182,84.53454545,85.90909091,236,20275,N/A,N/A,0,-5,"NYSE","Basic Materials","Basic Materials/Agriculture","Common Stock",85.90909091,85.90909091
20090609,86.02363636,86.02363636,71.59090909,81.32727273,537,43673,N/A,N/A,0,-5,"NYSE","Basic Materials","Basic Materials/Agriculture","Common Stock",81.32727273,81.32727273
20090610,83.84727273,85.56545455,82.24363636,84.99272727,169,14364,N/A,N/A,0,-5,"NYSE","Basic Materials","Basic Materials/Agriculture","Common Stock",84.99272727,84.99272727
20090611,86.94000000,95.64545455,85.79454545,92.78181818,524,48618,N/A,N/A,0,-5,"NYSE","Basic Materials","Basic Materials/Agriculture","Common Stock",92.78181818,92.78181818
20090612,95.76000000,95.76000000,91.40727273,93.58363636,273,25548,N/A,N/A,0,-5,"NYSE","Basic Materials","Basic Materials/Agriculture","Common Stock",93.58363636,93.58363636
20090615,92.20909091,95.07272727,85.90909091,88.77272727,263,23347,N/A,N/A,0,-5,"NYSE","Basic Materials","Basic Materials/Agriculture","Common Stock",88.77272727,88.77272727
20090616,89.91818182,91.06363636,85.90909091,90.26181818,151,13630,N/A,N/A,0,-5,"NYSE","Basic Materials","Basic Materials/Agriculture","Common Stock",90.26181818,90.26181818
20090617,91.40727273,91.52181818,76.86000000,85.90909091,264,22680,N/A,N/A,0,-5,"NYSE","Basic Materials","Basic Materials/Agriculture","Common Stock",85.90909091,85.90909091
20090618,85.90909091,86.59636364,80.64000000,85.22181818,77,6562,N/A,N/A,0,-5,"NYSE","Basic Materials","Basic Materials/Agriculture","Common Stock",85.22181818,85.22181818
20090619,87.51272727,91.75090909,86.94000000,91.63636364,204,18694,N/A,N/A,0,-5,"NYSE","Basic Materials","Basic Materials/Agriculture","Common Stock",91.63636364,91.63636364
20090622,91.40727273,91.40727273,81.32727273,81.90000000,256,20966,N/A,N/A,0,-5,"NYSE","Basic Materials","Basic Materials/Agriculture","Common Stock",81.90000000,81.90000000
20090623,81.44181818,81.44181818,75.14181818,78.00545455,261,20359,N/A,N/A,0,-5,"NYSE","Basic Materials","Basic Materials/Agriculture","Common Stock",78.00545455,78.00545455
20090624,80.98363636,82.35818182,79.03636364,80.41090909,98,7880,N/A,N/A,0,-5,"NYSE","Basic Materials","Basic Materials/Agriculture","Common Stock",80.41090909,80.41090909
20090625,82.47272727,91.17818182,81.78545455,91.17818182,312,28448,N/A,N/A,0,-5,"NYSE","Basic Materials","Basic Materials/Agriculture","Common Stock",91.17818182,91.17818182
20090626,91.63636364,99.42545455,91.06363636,95.18727273,1178,112131,N/A,N/A,0,-5,"NYSE","Basic Materials","Basic Materials/Agriculture","Common Stock",95.18727273,95.18727273
20090629,97.82181818,97.82181818,92.20909091,97.36363636,293,28528,N/A,N/A,0,-5,"NYSE","Basic Materials","Basic Materials/Agriculture","Common Stock",97.36363636,97.36363636
20090630,97.93636364,98.39454545,91.86545455,92.66727273,212,19645,N/A,N/A,0,-5,"NYSE","Basic Materials","Basic Materials/Agriculture","Common Stock",92.66727273,92.66727273
20090701,92.78181818,95.07272727,87.16909091,90.49090909,215,19456,N/A,N/A,0,-5,"NYSE","Basic Materials","Basic Materials/Agriculture","Common Stock",90.49090909,90.49090909
20090702,90.26181818,90.26181818,85.90909091,87.05454545,170,14799,N/A,N/A,0,-5,"NYSE","Basic Materials","Basic Materials/Agriculture","Common Stock",87.05454545,87.05454545
20090703,90.26181818,90.26181818,85.90909091,87.05454545,0,0,N/A,N/A,0,0,"NYSE","Basic Materials","Basic Materials/Agriculture","Common Stock",7.60000000,87.05454545
20090706,86.82545455,88.20000000,82.58727273,84.87818182,184,15618,N/A,N/A,0,-5,"NYSE","Basic Materials","Basic Materials/Agriculture","Common Stock",84.87818182,84.87818182
20090707,82.58727273,84.87818182,81.90000000,84.07636364,143,12023,N/A,N/A,0,-5,"NYSE","Basic Materials","Basic Materials/Agriculture","Common Stock",84.07636364,84.07636364
20090708,81.78545455,84.42000000,80.18181818,81.90000000,165,13514,N/A,N/A,0,-5,"NYSE","Basic Materials","Basic Materials/Agriculture","Common Stock",81.90000000,81.90000000
20090709,83.50363636,84.99272727,80.75454545,83.61818182,100,8362,N/A,N/A,0,-5,"NYSE","Basic Materials","Basic Materials/Agriculture","Common Stock",83.61818182,83.61818182
20090710,82.47272727,83.61818182,81.32727273,81.67090909,46,3757,N/A,N/A,0,-5,"NYSE","Basic Materials","Basic Materials/Agriculture","Common Stock",81.67090909,81.67090909
20090713,81.78545455,82.01454545,78.00545455,81.55636364,133,10847,N/A,N/A,0,-5,"NYSE","Basic Materials","Basic Materials/Agriculture","Common Stock",81.55636364,81.55636364
20090714,82.93090909,83.04545455,80.06727273,81.55636364,66,5383,N/A,N/A,0,-5,"NYSE","Basic Materials","Basic Materials/Agriculture","Common Stock",81.55636364,81.55636364
20090715,82.93090909,90.37636364,82.12909091,89.68909091,290,26010,N/A,N/A,0,-5,"NYSE","Basic Materials","Basic Materials/Agriculture","Common Stock",89.68909091,89.68909091
20090716,91.29272727,93.69818182,90.26181818,92.78181818,293,27185,N/A,N/A,0,-5,"NYSE","Basic Materials","Basic Materials/Agriculture","Common Stock",92.78181818,92.78181818
20090717,92.66727273,93.92727273,86.13818182,92.09454545,289,26615,N/A,N/A,0,-5,"NYSE","Basic Materials","Basic Materials/Agriculture","Common Stock",92.09454545,92.09454545
20090720,91.75090909,93.92727273,91.63636364,93.01090909,216,20090,N/A,N/A,0,-5,"NYSE","Basic Materials","Basic Materials/Agriculture","Common Stock",93.01090909,93.01090909
20090721,87.05454545,91.63636364,83.84727273,84.76363636,1076,91206,N/A,N/A,0,-5,"NYSE","Basic Materials","Basic Materials/Agriculture","Common Stock",84.76363636,84.76363636
20090722,85.56545455,89.23090909,83.27454545,88.54363636,296,26209,N/A,N/A,0,-5,"NYSE","Basic Materials","Basic Materials/Agriculture","Common Stock",88.54363636,88.54363636
20090723,88.77272727,96.21818182,88.20000000,92.43818182,530,48992,N/A,N/A,0,-5,"NYSE","Basic Materials","Basic Materials/Agriculture","Common Stock",92.43818182,92.43818182
20090724,92.66727273,110.53636364,91.63636364,108.81818182,1624,176721,N/A,N/A,0,-5,"NYSE","Basic Materials","Basic Materials/Agriculture","Common Stock",108.81818182,108.81818182
20090727,111.10909091,116.26363636,104.35090909,110.53636364,1737,192002,N/A,N/A,0,-5,"NYSE","Basic Materials","Basic Materials/Agriculture","Common Stock",110.53636364,110.53636364
20090728,110.42181818,119.70000000,108.81818182,115.00363636,1222,140534,N/A,N/A,0,-5,"NYSE","Basic Materials","Basic Materials/Agriculture","Common Stock",115.00363636,115.00363636
20090729,113.40000000,126.34363636,112.25454545,122.90727273,2008,246798,N/A,N/A,0,-5,"NYSE","Basic Materials","Basic Materials/Agriculture","Common Stock",122.90727273,122.90727273
20090730,129.43636364,137.45454545,123.70909091,127.37454545,1555,198067,N/A,N/A,0,-5,"NYSE","Basic Materials","Basic Materials/Agriculture","Common Stock",127.37454545,127.37454545
20090731,131.38363636,136.65272727,127.37454545,133.33090909,1114,148531,N/A,N/A,0,-5,"NYSE","Basic Materials","Basic Materials/Agriculture","Common Stock",133.33090909,133.33090909
20090803,144.32727273,151.08545455,138.02727273,151.08545455,1295,195656,N/A,N/A,0,-5,"NYSE","Basic Materials","Basic Materials/Agriculture","Common Stock",151.08545455,151.08545455
20090804,150.39818182,152.11636364,142.60909091,144.90000000,1046,151565,N/A,N/A,0,-5,"NYSE","Basic Materials","Basic Materials/Agriculture","Common Stock",144.90000000,144.90000000
20090805,148.79454545,154.63636364,145.81636364,150.05454545,1053,158007,N/A,N/A,0,-5,"NYSE","Basic Materials","Basic Materials/Agriculture","Common Stock",150.05454545,150.05454545
20090806,150.16909091,153.83454545,126.11454545,139.17272727,1651,229774,N/A,N/A,0,-5,"NYSE","Basic Materials","Basic Materials/Agriculture","Common Stock",139.17272727,139.17272727
20090807,142.72363636,146.27454545,138.60000000,139.17272727,511,71117,N/A,N/A,0,-5,"NYSE","Basic Materials","Basic Materials/Agriculture","Common Stock",139.17272727,139.17272727
20090810,142.49454545,152.91818182,132.30000000,151.77272727,954,144791,N/A,N/A,0,-5,"NYSE","Basic Materials","Basic Materials/Agriculture","Common Stock",151.77272727,151.77272727
20090811,153.49090909,160.36363636,149.48181818,155.09454545,1183,183477,N/A,N/A,0,-5,"NYSE","Basic Materials","Basic Materials/Agriculture","Common Stock",155.09454545,155.09454545
20090812,155.66727273,164.94545455,152.68909091,163.91454545,692,113429,N/A,N/A,0,-5,"NYSE","Basic Materials","Basic Materials/Agriculture","Common Stock",163.91454545,163.91454545
20090813,163.91454545,171.81818182,162.76909091,167.12181818,979,163612,N/A,N/A,0,-5,"NYSE","Basic Materials","Basic Materials/Agriculture","Common Stock",167.12181818,167.12181818
20090814,168.03818182,168.95454545,150.97090909,157.72909091,845,133281,N/A,N/A,0,-5,"NYSE","Basic Materials","Basic Materials/Agriculture","Common Stock",157.72909091,157.72909091
20090817,146.73272727,148.90909091,123.36545455,144.09818182,1354,195109,N/A,N/A,0,-5,"NYSE","Basic Materials","Basic Materials/Agriculture","Common Stock",144.09818182,144.09818182
20090818,147.64909091,154.40727273,144.32727273,152.91818182,613,93739,N/A,N/A,0,-5,"NYSE","Basic Materials","Basic Materials/Agriculture","Common Stock",152.91818182,152.91818182
20090819,142.95272727,148.68000000,138.82909091,141.92181818,757,107435,N/A,N/A,0,-5,"NYSE","Basic Materials","Basic Materials/Agriculture","Common Stock",141.92181818,141.92181818
20090820,147.07636364,147.19090909,139.05818182,140.77636364,634,89252,N/A,N/A,0,-5,"NYSE","Basic Materials","Basic Materials/Agriculture","Common Stock",140.77636364,140.77636364
20090821,147.64909091,147.64909091,141.80727273,145.12909091,550,79821,N/A,N/A,0,-5,"NYSE","Basic Materials","Basic Materials/Agriculture","Common Stock",145.12909091,145.12909091
20090824,148.56545455,154.29272727,146.38909091,148.90909091,468,69689,N/A,N/A,0,-5,"NYSE","Basic Materials","Basic Materials/Agriculture","Common Stock",148.90909091,148.90909091
20090825,152.80363636,156.92727273,151.20000000,154.40727273,377,58212,N/A,N/A,0,-5,"NYSE","Basic Materials","Basic Materials/Agriculture","Common Stock",154.40727273,154.40727273
20090826,157.95818182,157.95818182,150.05454545,153.26181818,254,38929,N/A,N/A,0,-5,"NYSE","Basic Materials","Basic Materials/Agriculture","Common Stock",153.26181818,153.26181818
20090827,151.20000000,151.20000000,142.03636364,144.09818182,793,114270,N/A,N/A,0,-5,"NYSE","Basic Materials","Basic Materials/Agriculture","Common Stock",144.09818182,144.09818182
20090828,146.04545455,151.08545455,142.03636364,142.49454545,373,53150,N/A,N/A,0,-5,"NYSE","Basic Materials","Basic Materials/Agriculture","Common Stock",142.49454545,142.49454545
20090831,142.49454545,142.49454545,130.58181818,141.92181818,801,113679,N/A,N/A,0,-5,"NYSE","Basic Materials","Basic Materials/Agriculture","Common Stock",141.92181818,141.92181818
20090901,142.03636364,144.32727273,131.84181818,132.52909091,484,64144,N/A,N/A,0,-5,"NYSE","Basic Materials","Basic Materials/Agriculture","Common Stock",132.52909091,132.52909091
20090902,129.32181818,135.16363636,126.68727273,128.86363636,481,61983,N/A,N/A,0,-5,"NYSE","Basic Materials","Basic Materials/Agriculture","Common Stock",128.86363636,128.86363636
20090903,133.90363636,138.60000000,130.69636364,137.56909091,424,58329,N/A,N/A,0,-5,"NYSE","Basic Materials","Basic Materials/Agriculture","Common Stock",137.56909091,137.56909091
20090904,137.56909091,143.06727273,137.45454545,141.92181818,306,43428,N/A,N/A,0,-5,"NYSE","Basic Materials","Basic Materials/Agriculture","Common Stock",141.92181818,141.92181818
20090907,137.56909091,143.06727273,137.45454545,141.92181818,0,0,N/A,N/A,0,0,"NYSE","Basic Materials","Basic Materials/Agriculture","Common Stock",12.39000000,141.92181818
20090908,148.68000000,148.90909091,142.60909091,147.30545455,405,59659,N/A,N/A,0,-5,"NYSE","Basic Materials","Basic Materials/Agriculture","Common Stock",147.30545455,147.30545455
20090909,149.48181818,155.55272727,147.53454545,149.25272727,408,60895,N/A,N/A,0,-5,"NYSE","Basic Materials","Basic Materials/Agriculture","Common Stock",149.25272727,149.25272727
20090910,149.25272727,154.06363636,148.56545455,149.48181818,320,47834,N/A,N/A,0,-5,"NYSE","Basic Materials","Basic Materials/Agriculture","Common Stock",149.48181818,149.48181818
20090911,150.05454545,153.26181818,140.31818182,142.03636364,602,85506,N/A,N/A,0,-5,"NYSE","Basic Materials","Basic Materials/Agriculture","Common Stock",142.03636364,142.03636364
20090914,141.00545455,143.64000000,134.01818182,142.72363636,478,68222,N/A,N/A,0,-5,"NYSE","Basic Materials","Basic Materials/Agriculture","Common Stock",142.72363636,142.72363636
20090915,142.03636364,155.20909091,140.89090909,154.40727273,737,113798,N/A,N/A,0,-5,"NYSE","Basic Materials","Basic Materials/Agriculture","Common Stock",154.40727273,154.40727273
20090916,146.61818182,152.46000000,138.02727273,141.57818182,1479,209394,N/A,N/A,0,-5,"NYSE","Basic Materials","Basic Materials/Agriculture","Common Stock",141.57818182,141.57818182
20090917,143.75454545,144.44181818,135.39272727,138.25636364,781,107978,N/A,N/A,0,-5,"NYSE","Basic Materials","Basic Materials/Agriculture","Common Stock",138.25636364,138.25636364
20090918,141.34909091,141.34909091,132.87272727,134.82000000,724,97610,N/A,N/A,0,-5,"NYSE","Basic Materials","Basic Materials/Agriculture","Common Stock",134.82000000,134.82000000
20090921,135.39272727,137.22545455,132.30000000,136.76727273,338,46227,N/A,N/A,0,-5,"NYSE","Basic Materials","Basic Materials/Agriculture","Common Stock",136.76727273,136.76727273
20090922,137.45454545,139.63090909,136.30909091,138.82909091,483,67054,N/A,N/A,0,-5,"NYSE","Basic Materials","Basic Materials/Agriculture","Common Stock",138.82909091,138.82909091
20090923,139.17272727,148.33636364,136.88181818,141.69272727,1074,152178,N/A,N/A,0,-5,"NYSE","Basic Materials","Basic Materials/Agriculture","Common Stock",141.69272727,141.69272727
20090924,145.35818182,145.35818182,134.01818182,137.91272727,464,63992,N/A,N/A,0,-5,"NYSE","Basic Materials","Basic Materials/Agriculture","Common Stock",137.91272727,137.91272727
20090925,137.91272727,138.94363636,134.59090909,137.22545455,260,35679,N/A,N/A,0,-5,"NYSE","Basic Materials","Basic Materials/Agriculture","Common Stock",137.22545455,137.22545455
20090928,138.60000000,140.20363636,136.08000000,136.88181818,366,50099,N/A,N/A,0,-5,"NYSE","Basic Materials","Basic Materials/Agriculture","Common Stock",136.88181818,136.88181818
20090929,140.08909091,140.08909091,133.44545455,133.44545455,357,47640,N/A,N/A,0,-5,"NYSE","Basic Materials","Basic Materials/Agriculture","Common Stock",133.44545455,133.44545455
20090930,134.70545455,137.45454545,132.64363636,134.24727273,285,38260,N/A,N/A,0,-5,"NYSE","Basic Materials","Basic Materials/Agriculture","Common Stock",134.24727273,134.24727273
20091001,134.59090909,135.62181818,118.78363636,123.48000000,660,81497,N/A,N/A,0,-5,"NYSE","Basic Materials","Basic Materials/Agriculture","Common Stock",123.48000000,123.48000000
20091002,115.80545455,124.96909091,114.77454545,122.79272727,532,65326,N/A,N/A,0,-5,"NYSE","Basic Materials","Basic Materials/Agriculture","Common Stock",122.79272727,122.79272727
20091005,128.29090909,134.59090909,123.13636364,131.61272727,445,58568,N/A,N/A,0,-5,"NYSE","Basic Materials","Basic Materials/Agriculture","Common Stock",131.61272727,131.61272727
20091006,135.50727273,136.88181818,132.98727273,134.93454545,338,45608,N/A,N/A,0,-5,"NYSE","Basic Materials","Basic Materials/Agriculture","Common Stock",134.93454545,134.93454545
20091007,134.93454545,136.08000000,130.12363636,132.87272727,308,40925,N/A,N/A,0,-5,"NYSE","Basic Materials","Basic Materials/Agriculture","Common Stock",132.87272727,132.87272727
20091008,136.30909091,136.30909091,132.30000000,132.30000000,210,27783,N/A,N/A,0,-5,"NYSE","Basic Materials","Basic Materials/Agriculture","Common Stock",132.30000000,132.30000000
20091009,128.40545455,136.30909091,127.71818182,134.47636364,322,43301,N/A,N/A,0,-5,"NYSE","Basic Materials","Basic Materials/Agriculture","Common Stock",134.47636364,134.47636364
20091012,135.16363636,139.05818182,135.16363636,136.30909091,448,61066,N/A,N/A,0,-5,"NYSE","Basic Materials","Basic Materials/Agriculture","Common Stock",136.30909091,136.30909091
20091013,139.51636364,140.89090909,133.44545455,140.54727273,720,101194,N/A,N/A,0,-5,"NYSE","Basic Materials","Basic Materials/Agriculture","Common Stock",140.54727273,140.54727273
20091014,143.29636364,156.46909091,142.83818182,156.12545455,2252,351595,N/A,N/A,0,-5,"NYSE","Basic Materials","Basic Materials/Agriculture","Common Stock",156.12545455,156.12545455
20091015,156.92727273,165.40363636,150.28363636,152.91818182,1792,274029,N/A,N/A,0,-5,"NYSE","Basic Materials","Basic Materials/Agriculture","Common Stock",152.91818182,152.91818182
20091016,152.80363636,152.80363636,142.03636364,148.22181818,1153,170900,N/A,N/A,0,-5,"NYSE","Basic Materials","Basic Materials/Agriculture","Common Stock",148.22181818,148.22181818
20091019,151.42909091,157.50000000,148.22181818,154.63636364,837,129431,N/A,N/A,0,-5,"NYSE","Basic Materials","Basic Materials/Agriculture","Common Stock",154.63636364,154.63636364
20091020,158.76000000,162.54000000,149.02363636,154.29272727,940,145035,N/A,N/A,0,-5,"NYSE","Basic Materials","Basic Materials/Agriculture","Common Stock",154.29272727,154.29272727
20091021,154.63636364,154.63636364,146.04545455,150.28363636,662,99488,N/A,N/A,0,-5,"NYSE","Basic Materials","Basic Materials/Agriculture","Common Stock",150.28363636,150.28363636
20091022,149.59636364,152.23090909,141.12000000,151.08545455,562,84910,N/A,N/A,0,-5,"NYSE","Basic Materials","Basic Materials/Agriculture","Common Stock",151.08545455,151.08545455
20091023,153.49090909,154.52181818,146.61818182,149.71090909,355,53147,N/A,N/A,0,-5,"NYSE","Basic Materials","Basic Materials/Agriculture","Common Stock",149.71090909,149.71090909
20091026,149.48181818,152.80363636,140.31818182,142.15090909,522,74203,N/A,N/A,0,-5,"NYSE","Basic Materials","Basic Materials/Agriculture","Common Stock",142.15090909,142.15090909
20091027,142.15090909,143.18181818,132.30000000,133.21636364,883,117630,N/A,N/A,0,-5,"NYSE","Basic Materials","Basic Materials/Agriculture","Common Stock",133.21636364,133.21636364
20091028,133.44545455,133.44545455,119.12727273,119.12727273,973,115911,N/A,N/A,0,-5,"NYSE","Basic Materials","Basic Materials/Agriculture","Common Stock",119.12727273,119.12727273
20091029,126.68727273,131.04000000,121.99090909,128.97818182,588,75839,N/A,N/A,0,-5,"NYSE","Basic Materials","Basic Materials/Agriculture","Common Stock",128.97818182,128.97818182
20091030,131.61272727,132.30000000,120.27272727,126.22909091,482,60842,N/A,N/A,0,-5,"NYSE","Basic Materials","Basic Materials/Agriculture","Common Stock",126.22909091,126.22909091
20091102,128.86363636,131.72727273,124.39636364,127.71818182,418,53386,N/A,N/A,0,-5,"NYSE","Basic Materials","Basic Materials/Agriculture","Common Stock",127.71818182,127.71818182
20091103,129.55090909,134.01818182,125.54181818,133.90363636,310,41510,N/A,N/A,0,-5,"NYSE","Basic Materials","Basic Materials/Agriculture","Common Stock",133.90363636,133.90363636
20091104,137.45454545,143.18181818,137.45454545,139.74545455,514,71829,N/A,N/A,0,-5,"NYSE","Basic Materials","Basic Materials/Agriculture","Common Stock",139.74545455,139.74545455
20091105,140.31818182,143.06727273,137.56909091,139.40181818,307,42796,N/A,N/A,0,-5,"NYSE","Basic Materials","Basic Materials/Agriculture","Common Stock",139.40181818,139.40181818
20091106,138.82909091,142.60909091,135.16363636,139.05818182,297,41300,N/A,N/A,0,-5,"NYSE","Basic Materials","Basic Materials/Agriculture","Common Stock",139.05818182,139.05818182
20091109,142.03636364,144.78545455,141.92181818,143.64000000,358,51423,N/A,N/A,0,-5,"NYSE","Basic Materials","Basic Materials/Agriculture","Common Stock",143.64000000,143.64000000
20091110,145.47272727,148.56545455,143.18181818,148.33636364,440,65268,N/A,N/A,0,-5,"NYSE","Basic Materials","Basic Materials/Agriculture","Common Stock",148.33636364,148.33636364
20091111,151.77272727,152.91818182,148.56545455,151.65818182,551,83564,N/A,N/A,0,-5,"NYSE","Basic Materials","Basic Materials/Agriculture","Common Stock",151.65818182,151.65818182
20091112,154.75090909,158.98909091,138.60000000,147.07636364,978,143841,N/A,N/A,0,-5,"NYSE","Basic Materials","Basic Materials/Agriculture","Common Stock",147.07636364,147.07636364
20091113,149.48181818,150.05454545,140.31818182,149.48181818,402,60092,N/A,N/A,0,-5,"NYSE","Basic Materials","Basic Materials/Agriculture","Common Stock",149.48181818,149.48181818
20091116,152.34545455,155.66727273,149.25272727,151.08545455,366,55297,N/A,N/A,0,-5,"NYSE","Basic Materials","Basic Materials/Agriculture","Common Stock",151.08545455,151.08545455
20091117,151.20000000,152.57454545,148.90909091,150.28363636,232,34866,N/A,N/A,0,-5,"NYSE","Basic Materials","Basic Materials/Agriculture","Common Stock",150.28363636,150.28363636
20091118,151.20000000,193.69636364,151.20000000,190.48909091,3233,615851,N/A,N/A,0,-5,"NYSE","Basic Materials","Basic Materials/Agriculture","Common Stock",190.48909091,190.48909091
20091119,180.63818182,189.00000000,171.81818182,184.87636364,2230,412274,N/A,N/A,0,-5,"NYSE","Basic Materials","Basic Materials/Agriculture","Common Stock",184.87636364,184.87636364
20091120,179.03454545,200.34000000,178.00363636,196.33090909,2131,418381,N/A,N/A,0,-5,"NYSE","Basic Materials","Basic Materials/Agriculture","Common Stock",196.33090909,196.33090909
20091123,185.56363636,190.71818182,172.73454545,181.55454545,2550,462964,N/A,N/A,0,-5,"NYSE","Basic Materials","Basic Materials/Agriculture","Common Stock",181.55454545,181.55454545
20091124,177.66000000,179.83636364,173.53636364,179.60727273,710,127521,N/A,N/A,0,-5,"NYSE","Basic Materials","Basic Materials/Agriculture","Common Stock",179.60727273,179.60727273
20091125,180.06545455,186.70909091,175.94181818,186.13636364,1107,206053,N/A,N/A,0,-5,"NYSE","Basic Materials","Basic Materials/Agriculture","Common Stock",186.13636364,186.13636364
20091126,180.06545455,186.70909091,175.94181818,186.13636364,0,0,N/A,N/A,0,0,"NYSE","Basic Materials","Basic Materials/Agriculture","Common Stock",16.25000000,186.13636364
20091127,170.67272727,184.41818182,163.22727273,182.81454545,711,129981,N/A,N/A,0,-5,"NYSE","Basic Materials","Basic Materials/Agriculture","Common Stock",182.81454545,182.81454545
20091130,186.48000000,189.80181818,178.80545455,183.27272727,1107,202883,N/A,N/A,0,-5,"NYSE","Basic Materials","Basic Materials/Agriculture","Common Stock",183.27272727,183.27272727
20091201,187.28181818,203.77636364,184.30363636,189.80181818,2104,399343,N/A,N/A,0,-5,"NYSE","Basic Materials","Basic Materials/Agriculture","Common Stock",189.80181818,189.80181818
20091202,194.26909091,206.18181818,189.00000000,205.03636364,1760,360864,N/A,N/A,0,-5,"NYSE","Basic Materials","Basic Materials/Agriculture","Common Stock",205.03636364,205.03636364
20091203,206.06727273,214.20000000,194.95636364,198.04909091,2193,434322,N/A,N/A,0,-5,"NYSE","Basic Materials","Basic Materials/Agriculture","Common Stock",198.04909091,198.04909091
20091204,204.34909091,206.06727273,186.36545455,192.20727273,1197,230072,N/A,N/A,0,-5,"NYSE","Basic Materials","Basic Materials/Agriculture","Common Stock",192.20727273,192.20727273
20091207,198.04909091,203.89090909,197.82000000,198.50727273,1195,237216,N/A,N/A,0,-5,"NYSE","Basic Materials","Basic Materials/Agriculture","Common Stock",198.50727273,198.50727273
20091208,201.82909091,210.19090909,193.81090909,206.18181818,1825,376282,N/A,N/A,0,-5,"NYSE","Basic Materials","Basic Materials/Agriculture","Common Stock",206.18181818,206.18181818
20091209,207.78545455,208.01454545,199.53818182,206.18181818,853,175873,N/A,N/A,0,-5,"NYSE","Basic Materials","Basic Materials/Agriculture","Common Stock",206.18181818,206.18181818
20091210,208.47272727,210.19090909,201.02727273,202.51636364,599,121307,N/A,N/A,0,-5,"NYSE","Basic Materials","Basic Materials/Agriculture","Common Stock",202.51636364,202.51636364
20091211,204.00545455,206.18181818,193.58181818,196.21636364,766,150302,N/A,N/A,0,-5,"NYSE","Basic Materials","Basic Materials/Agriculture","Common Stock",196.21636364,196.21636364
20091214,194.72727273,196.21636364,186.70909091,191.63454545,802,153691,N/A,N/A,0,-5,"NYSE","Basic Materials","Basic Materials/Agriculture","Common Stock",191.63454545,191.63454545
20091215,187.62545455,199.65272727,187.62545455,192.43636364,587,112960,N/A,N/A,0,-5,"NYSE","Basic Materials","Basic Materials/Agriculture","Common Stock",192.43636364,192.43636364
20091216,195.98727273,196.56000000,181.21090909,187.16727273,1118,209253,N/A,N/A,0,-5,"NYSE","Basic Materials","Basic Materials/Agriculture","Common Stock",187.16727273,187.16727273
20091217,188.88545455,188.88545455,178.11818182,181.21090909,687,124492,N/A,N/A,0,-5,"NYSE","Basic Materials","Basic Materials/Agriculture","Common Stock",181.21090909,181.21090909
20091218,180.86727273,183.27272727,168.72545455,172.50545455,1102,190101,N/A,N/A,0,-5,"NYSE","Basic Materials","Basic Materials/Agriculture","Common Stock",172.50545455,172.50545455
20091221,173.99454545,179.26363636,166.09090909,170.21454545,794,135150,N/A,N/A,0,-5,"NYSE","Basic Materials","Basic Materials/Agriculture","Common Stock",170.21454545,170.21454545
20091222,169.87090909,174.56727273,168.38181818,173.88000000,577,100329,N/A,N/A,0,-5,"NYSE","Basic Materials","Basic Materials/Agriculture","Common Stock",173.88000000,173.88000000
20091223,174.33818182,183.27272727,173.88000000,182.92909091,941,172136,N/A,N/A,0,-5,"NYSE","Basic Materials","Basic Materials/Agriculture","Common Stock",182.92909091,182.92909091
20091224,187.51090909,187.51090909,179.83636364,182.70000000,351,64128,N/A,N/A,0,-5,"NYSE","Basic Materials","Basic Materials/Agriculture","Common Stock",182.70000000,182.70000000
20091225,187.51090909,187.51090909,179.83636364,182.70000000,0,0,N/A,N/A,0,0,"NYSE","Basic Materials","Basic Materials/Agriculture","Common Stock",15.95000000,182.70000000
20091228,182.81454545,185.44909091,178.11818182,179.60727273,419,75255,N/A,N/A,0,-5,"NYSE","Basic Materials","Basic Materials/Agriculture","Common Stock",179.60727273,179.60727273
20091229,180.75272727,182.58545455,170.67272727,174.68181818,520,90835,N/A,N/A,0,-5,"NYSE","Basic Materials","Basic Materials/Agriculture","Common Stock",174.68181818,174.68181818
20091230,174.56727273,174.68181818,169.64181818,170.90181818,593,101345,N/A,N/A,0,-5,"NYSE","Basic Materials","Basic Materials/Agriculture","Common Stock",170.90181818,170.90181818
20091231,171.13090909,172.50545455,167.92363636,168.38181818,526,88569,N/A,N/A,0,-5,"NYSE","Basic Materials","Basic Materials/Agriculture","Common Stock",168.38181818,168.38181818
20100101,171.13090909,172.50545455,167.92363636,168.38181818,0,0,N/A,N/A,0,0,"NYSE","Basic Materials","Basic Materials/Agriculture","Common Stock",14.70000000,168.38181818
20100104,169.87090909,183.96000000,169.87090909,182.92909091,1040,190246,N/A,N/A,0,-5,"NYSE","Basic Materials","Basic Materials/Agriculture","Common Stock",182.92909091,182.92909091
20100105,183.04363636,192.43636364,183.04363636,186.93818182,1104,206380,N/A,N/A,0,-5,"NYSE","Basic Materials","Basic Materials/Agriculture","Common Stock",186.93818182,186.93818182
20100106,188.08363636,196.10181818,187.85454545,195.98727273,1074,210490,N/A,N/A,0,-5,"NYSE","Basic Materials","Basic Materials/Agriculture","Common Stock",195.98727273,195.98727273
20100107,196.33090909,200.11090909,190.14545455,194.26909091,656,127441,N/A,N/A,0,-5,"NYSE","Basic Materials","Basic Materials/Agriculture","Common Stock",194.26909091,194.26909091
20100108,193.58181818,199.65272727,187.85454545,193.35272727,625,120845,N/A,N/A,0,-5,"NYSE","Basic Materials","Basic Materials/Agriculture","Common Stock",193.35272727,193.35272727
20100111,198.85090909,204.92181818,195.87272727,203.20363636,1320,268229,N/A,N/A,0,-5,"NYSE","Basic Materials","Basic Materials/Agriculture","Common Stock",203.20363636,203.20363636
20100112,199.53818182,202.74545455,180.63818182,184.41818182,1078,198803,N/A,N/A,0,-5,"NYSE","Basic Materials","Basic Materials/Agriculture","Common Stock",184.41818182,184.41818182
20100113,186.70909091,192.55090909,178.34727273,189.57272727,922,174786,N/A,N/A,0,-5,"NYSE","Basic Materials","Basic Materials/Agriculture","Common Stock",189.57272727,189.57272727
20100114,191.97818182,194.72727273,183.27272727,184.30363636,508,93626,N/A,N/A,0,-5,"NYSE","Basic Materials","Basic Materials/Agriculture","Common Stock",184.30363636,184.30363636
20100115,184.41818182,185.67818182,178.00363636,184.53272727,468,86361,N/A,N/A,0,-5,"NYSE","Basic Materials","Basic Materials/Agriculture","Common Stock",184.53272727,184.53272727
20100118,184.41818182,185.67818182,178.00363636,184.53272727,0,0,N/A,N/A,0,0,"NYSE","Basic Materials","Basic Materials/Agriculture","Common Stock",16.11000000,184.53272727
20100119,186.93818182,186.93818182,180.86727273,184.53272727,397,73259,N/A,N/A,0,-5,"NYSE","Basic Materials","Basic Materials/Agriculture","Common Stock",184.53272727,184.53272727
20100120,182.12727273,182.92909091,169.06909091,175.25454545,1132,198388,N/A,N/A,0,-5,"NYSE","Basic Materials","Basic Materials/Agriculture","Common Stock",175.25454545,175.25454545
20100121,174.33818182,176.62909091,156.92727273,170.67272727,1865,318305,N/A,N/A,0,-5,"NYSE","Basic Materials","Basic Materials/Agriculture","Common Stock",170.67272727,170.67272727
20100122,171.24545455,174.68181818,167.23636364,169.41272727,858,145356,N/A,N/A,0,-5,"NYSE","Basic Materials","Basic Materials/Agriculture","Common Stock",169.41272727,169.41272727
20100125,173.19272727,174.91090909,163.80000000,165.63272727,523,86626,N/A,N/A,0,-5,"NYSE","Basic Materials","Basic Materials/Agriculture","Common Stock",165.63272727,165.63272727
20100126,166.09090909,169.41272727,165.17454545,165.63272727,467,77350,N/A,N/A,0,-5,"NYSE","Basic Materials","Basic Materials/Agriculture","Common Stock",165.63272727,165.63272727
20100127,166.20545455,171.24545455,164.94545455,169.29818182,442,74830,N/A,N/A,0,-5,"NYSE","Basic Materials","Basic Materials/Agriculture","Common Stock",169.29818182,169.29818182
20100128,170.78727273,174.79636364,166.09090909,169.98545455,345,58645,N/A,N/A,0,-5,"NYSE","Basic Materials","Basic Materials/Agriculture","Common Stock",169.98545455,169.98545455
20100129,170.55818182,174.10909091,163.22727273,164.14363636,436,71567,N/A,N/A,0,-5,"NYSE","Basic Materials","Basic Materials/Agriculture","Common Stock",164.14363636,164.14363636
20100201,165.06000000,168.95454545,162.65454545,168.84000000,401,67705,N/A,N/A,0,-5,"NYSE","Basic Materials","Basic Materials/Agriculture","Common Stock",168.84000000,168.84000000
20100202,171.58909091,172.84909091,168.49636364,169.29818182,309,52313,N/A,N/A,0,-5,"NYSE","Basic Materials","Basic Materials/Agriculture","Common Stock",169.29818182,169.29818182
20100203,171.36000000,173.53636364,169.52727273,171.13090909,278,47574,N/A,N/A,0,-5,"NYSE","Basic Materials","Basic Materials/Agriculture","Common Stock",171.13090909,171.13090909
20100204,170.55818182,170.55818182,160.47818182,161.28000000,519,83704,N/A,N/A,0,-5,"NYSE","Basic Materials","Basic Materials/Agriculture","Common Stock",161.28000000,161.28000000
20100205,163.11272727,163.80000000,147.76363636,160.59272727,1223,196405,N/A,N/A,0,-5,"NYSE","Basic Materials","Basic Materials/Agriculture","Common Stock",160.59272727,160.59272727
20100208,162.31090909,168.26727273,152.68909091,154.52181818,663,102448,N/A,N/A,0,-5,"NYSE","Basic Materials","Basic Materials/Agriculture","Common Stock",154.52181818,154.52181818
20100209,155.78181818,158.98909091,145.35818182,148.22181818,937,138884,N/A,N/A,0,-5,"NYSE","Basic Materials","Basic Materials/Agriculture","Common Stock",148.22181818,148.22181818
20100210,147.87818182,151.08545455,141.00545455,149.48181818,537,80272,N/A,N/A,0,-5,"NYSE","Basic Materials","Basic Materials/Agriculture","Common Stock",149.48181818,149.48181818
20100211,149.94000000,150.97090909,146.04545455,149.94000000,303,45432,N/A,N/A,0,-5,"NYSE","Basic Materials","Basic Materials/Agriculture","Common Stock",149.94000000,149.94000000
20100212,148.90909091,149.94000000,144.32727273,149.59636364,264,39493,N/A,N/A,0,-5,"NYSE","Basic Materials","Basic Materials/Agriculture","Common Stock",149.59636364,149.59636364
20100215,148.90909091,149.94000000,144.32727273,149.59636364,0,0,N/A,N/A,0,0,"NYSE","Basic Materials","Basic Materials/Agriculture","Common Stock",13.06000000,149.59636364
20100216,154.63636364,156.81272727,150.05454545,154.52181818,438,67681,N/A,N/A,0,-5,"NYSE","Basic Materials","Basic Materials/Agriculture","Common Stock",154.52181818,154.52181818
20100217,157.15636364,168.38181818,155.78181818,164.94545455,665,109689,N/A,N/A,0,-5,"NYSE","Basic Materials","Basic Materials/Agriculture","Common Stock",164.94545455,164.94545455
20100218,164.48727273,166.66363636,161.05090909,161.96727273,287,46485,N/A,N/A,0,-5,"NYSE","Basic Materials","Basic Materials/Agriculture","Common Stock",161.96727273,161.96727273
20100219,159.90545455,165.51818182,157.38545455,162.99818182,375,61124,N/A,N/A,0,-5,"NYSE","Basic Materials","Basic Materials/Agriculture","Common Stock",162.99818182,162.99818182
20100222,163.34181818,169.41272727,162.99818182,164.37272727,390,64105,N/A,N/A,0,-5,"NYSE","Basic Materials","Basic Materials/Agriculture","Common Stock",164.37272727,164.37272727
20100223,167.46545455,167.46545455,157.72909091,162.08181818,327,53001,N/A,N/A,0,-5,"NYSE","Basic Materials","Basic Materials/Agriculture","Common Stock",162.08181818,162.08181818
20100224,164.25818182,164.25818182,158.18727273,158.98909091,230,36567,N/A,N/A,0,-5,"NYSE","Basic Materials","Basic Materials/Agriculture","Common Stock",158.98909091,158.98909091
20100225,158.30181818,159.33272727,153.14727273,156.24000000,284,44372,N/A,N/A,0,-5,"NYSE","Basic Materials","Basic Materials/Agriculture","Common Stock",156.24000000,156.24000000
20100226,156.46909091,167.12181818,152.91818182,167.12181818,372,62169,N/A,N/A,0,-5,"NYSE","Basic Materials","Basic Materials/Agriculture","Common Stock",167.12181818,167.12181818
20100301,166.09090909,166.43454545,162.08181818,165.28909091,275,45454,N/A,N/A,0,-5,"NYSE","Basic Materials","Basic Materials/Agriculture","Common Stock",165.28909091,165.28909091
20100302,168.38181818,177.31636364,165.40363636,174.68181818,941,164376,N/A,N/A,0,-5,"NYSE","Basic Materials","Basic Materials/Agriculture","Common Stock",174.68181818,174.68181818
20100303,177.54545455,184.76181818,174.91090909,177.77454545,674,119820,N/A,N/A,0,-5,"NYSE","Basic Materials","Basic Materials/Agriculture","Common Stock",177.77454545,177.77454545
20100304,178.80545455,180.75272727,171.81818182,174.68181818,263,45941,N/A,N/A,0,-5,"NYSE","Basic Materials","Basic Materials/Agriculture","Common Stock",174.68181818,174.68181818
20100305,176.17090909,181.78363636,174.33818182,178.11818182,291,51832,N/A,N/A,0,-5,"NYSE","Basic Materials","Basic Materials/Agriculture","Common Stock",178.11818182,178.11818182
20100308,180.86727273,184.41818182,179.03454545,183.84545455,386,70964,N/A,N/A,0,-5,"NYSE","Basic Materials","Basic Materials/Agriculture","Common Stock",183.84545455,183.84545455
20100309,182.70000000,191.86363636,179.03454545,181.55454545,548,99492,N/A,N/A,0,-5,"NYSE","Basic Materials","Basic Materials/Agriculture","Common Stock",181.55454545,181.55454545
20100310,181.89818182,181.89818182,170.21454545,177.54545455,546,96940,N/A,N/A,0,-5,"NYSE","Basic Materials","Basic Materials/Agriculture","Common Stock",177.54545455,177.54545455
20100311,176.40000000,177.43090909,171.93272727,176.40000000,312,55037,N/A,N/A,0,-5,"NYSE","Basic Materials","Basic Materials/Agriculture","Common Stock",176.40000000,176.40000000
20100312,182.35636364,182.35636364,177.08727273,179.72181818,272,48884,N/A,N/A,0,-5,"NYSE","Basic Materials","Basic Materials/Agriculture","Common Stock",179.72181818,179.72181818
20100315,179.14909091,180.18000000,173.42181818,178.34727273,274,48867,N/A,N/A,0,-5,"NYSE","Basic Materials","Basic Materials/Agriculture","Common Stock",178.34727273,178.34727273
20100316,175.36909091,175.48363636,170.67272727,172.27636364,512,88205,N/A,N/A,0,-5,"NYSE","Basic Materials","Basic Materials/Agriculture","Common Stock",172.27636364,172.27636364
20100317,172.96363636,173.65090909,167.58000000,168.26727273,481,80937,N/A,N/A,0,-5,"NYSE","Basic Materials","Basic Materials/Agriculture","Common Stock",168.26727273,168.26727273
20100318,167.23636364,172.73454545,166.09090909,167.58000000,253,42398,N/A,N/A,0,-5,"NYSE","Basic Materials","Basic Materials/Agriculture","Common Stock",167.58000000,167.58000000
20100319,165.97636364,168.49636364,160.70727273,165.97636364,409,67884,N/A,N/A,0,-5,"NYSE","Basic Materials","Basic Materials/Agriculture","Common Stock",165.97636364,165.97636364
20100322,162.99818182,164.37272727,158.76000000,159.44727273,406,64736,N/A,N/A,0,-5,"NYSE","Basic Materials","Basic Materials/Agriculture","Common Stock",159.44727273,159.44727273
20100323,159.56181818,162.65454545,157.50000000,160.70727273,331,53194,N/A,N/A,0,-5,"NYSE","Basic Materials","Basic Materials/Agriculture","Common Stock",160.70727273,160.70727273
20100324,159.56181818,165.40363636,159.56181818,164.60181818,329,54154,N/A,N/A,0,-5,"NYSE","Basic Materials","Basic Materials/Agriculture","Common Stock",164.60181818,164.60181818
20100325,165.97636364,168.15272727,162.88363636,163.34181818,229,37405,N/A,N/A,0,-5,"NYSE","Basic Materials","Basic Materials/Agriculture","Common Stock",163.34181818,163.34181818
20100326,163.45636364,163.45636364,159.33272727,161.16545455,203,32717,N/A,N/A,0,-5,"NYSE","Basic Materials","Basic Materials/Agriculture","Common Stock",161.16545455,161.16545455
20100329,162.42545455,163.11272727,159.33272727,160.47818182,350,56167,N/A,N/A,0,-5,"NYSE","Basic Materials","Basic Materials/Agriculture","Common Stock",160.47818182,160.47818182
20100330,160.47818182,164.60181818,159.79090909,163.91454545,318,52125,N/A,N/A,0,-5,"NYSE","Basic Materials","Basic Materials/Agriculture","Common Stock",163.91454545,163.91454545
20100331,164.71636364,164.71636364,159.56181818,160.36363636,365,58533,N/A,N/A,0,-5,"NYSE","Basic Materials","Basic Materials/Agriculture","Common Stock",160.36363636,160.36363636
20100401,161.50909091,162.76909091,157.15636364,158.64545455,329,52194,N/A,N/A,0,-5,"NYSE","Basic Materials","Basic Materials/Agriculture","Common Stock",158.64545455,158.64545455
20100402,161.50909091,162.76909091,157.15636364,158.64545455,0,0,N/A,N/A,0,0,"NYSE","Basic Materials","Basic Materials/Agriculture","Common Stock",13.85000000,158.64545455
20100405,160.24909091,161.73818182,158.07272727,160.59272727,178,28586,N/A,N/A,0,-5,"NYSE","Basic Materials","Basic Materials/Agriculture","Common Stock",160.59272727,160.59272727
20100406,165.97636364,165.97636364,158.64545455,161.50909091,211,34078,N/A,N/A,0,-5,"NYSE","Basic Materials","Basic Materials/Agriculture","Common Stock",161.50909091,161.50909091
20100407,160.70727273,162.76909091,159.44727273,159.79090909,147,23489,N/A,N/A,0,-5,"NYSE","Basic Materials","Basic Materials/Agriculture","Common Stock",159.79090909,159.79090909
20100408,163.57090909,163.57090909,157.15636364,158.53090909,232,36779,N/A,N/A,0,-5,"NYSE","Basic Materials","Basic Materials/Agriculture","Common Stock",158.53090909,158.53090909
20100409,159.90545455,159.90545455,151.77272727,157.72909091,554,87382,N/A,N/A,0,-5,"NYSE","Basic Materials","Basic Materials/Agriculture","Common Stock",157.72909091,157.72909091
20100412,158.18727273,158.30181818,154.75090909,155.32363636,239,37122,N/A,N/A,0,-5,"NYSE","Basic Materials","Basic Materials/Agriculture","Common Stock",155.32363636,155.32363636
20100413,156.12545455,159.21818182,154.63636364,156.58363636,303,47445,N/A,N/A,0,-5,"NYSE","Basic Materials","Basic Materials/Agriculture","Common Stock",156.58363636,156.58363636
20100414,157.38545455,157.50000000,152.68909091,155.78181818,306,47669,N/A,N/A,0,-5,"NYSE","Basic Materials","Basic Materials/Agriculture","Common Stock",155.78181818,155.78181818
20100415,155.89636364,157.38545455,153.60545455,154.17818182,219,33765,N/A,N/A,0,-5,"NYSE","Basic Materials","Basic Materials/Agriculture","Common Stock",154.17818182,154.17818182
20100416,154.17818182,154.52181818,150.28363636,152.91818182,276,42205,N/A,N/A,0,-5,"NYSE","Basic Materials","Basic Materials/Agriculture","Common Stock",152.91818182,152.91818182
20100419,153.03272727,153.03272727,150.05454545,150.39818182,429,64521,N/A,N/A,0,-5,"NYSE","Basic Materials","Basic Materials/Agriculture","Common Stock",150.39818182,150.39818182
20100420,150.97090909,152.34545455,150.05454545,150.28363636,231,34716,N/A,N/A,0,-5,"NYSE","Basic Materials","Basic Materials/Agriculture","Common Stock",150.28363636,150.28363636
20100421,150.85636364,152.11636364,150.05454545,150.51272727,159,23932,N/A,N/A,0,-5,"NYSE","Basic Materials","Basic Materials/Agriculture","Common Stock",150.51272727,150.51272727
20100422,149.59636364,150.97090909,149.13818182,149.36727273,136,20314,N/A,N/A,0,-5,"NYSE","Basic Materials","Basic Materials/Agriculture","Common Stock",149.36727273,149.36727273
20100423,150.05454545,151.08545455,149.13818182,150.39818182,205,30832,N/A,N/A,0,-5,"NYSE","Basic Materials","Basic Materials/Agriculture","Common Stock",150.39818182,150.39818182
20100426,150.85636364,156.92727273,150.28363636,153.94909091,392,60348,N/A,N/A,0,-5,"NYSE","Basic Materials","Basic Materials/Agriculture","Common Stock",153.94909091,153.94909091
20100427,158.87454545,159.67636364,154.06363636,155.09454545,348,53973,N/A,N/A,0,-5,"NYSE","Basic Materials","Basic Materials/Agriculture","Common Stock",155.09454545,155.09454545
20100428,155.55272727,157.15636364,150.62727273,150.85636364,232,34999,N/A,N/A,0,-5,"NYSE","Basic Materials","Basic Materials/Agriculture","Common Stock",150.85636364,150.85636364
20100429,151.65818182,152.46000000,149.13818182,149.71090909,236,35332,N/A,N/A,0,-5,"NYSE","Basic Materials","Basic Materials/Agriculture","Common Stock",149.71090909,149.71090909
20100430,150.05454545,151.42909091,143.75454545,145.24363636,422,61293,N/A,N/A,0,-5,"NYSE","Basic Materials","Basic Materials/Agriculture","Common Stock",145.24363636,145.24363636
20100503,146.27454545,147.42000000,135.50727273,139.05818182,778,108187,N/A,N/A,0,-5,"NYSE","Basic Materials","Basic Materials/Agriculture","Common Stock",139.05818182,139.05818182
20100504,137.45454545,138.60000000,128.63454545,130.35272727,540,70390,N/A,N/A,0,-5,"NYSE","Basic Materials","Basic Materials/Agriculture","Common Stock",130.35272727,130.35272727
20100505,127.83272727,136.30909091,122.56363636,132.18545455,434,57368,N/A,N/A,0,-5,"NYSE","Basic Materials","Basic Materials/Agriculture","Common Stock",132.18545455,132.18545455
20100506,132.52909091,133.44545455,120.27272727,126.57272727,529,66957,N/A,N/A,0,-5,"NYSE","Basic Materials","Basic Materials/Agriculture","Common Stock",126.57272727,126.57272727
20100507,125.65636364,125.88545455,118.32545455,119.81454545,651,77999,N/A,N/A,0,-5,"NYSE","Basic Materials","Basic Materials/Agriculture","Common Stock",119.81454545,119.81454545
20100510,126.57272727,132.64363636,124.28181818,132.52909091,347,45988,N/A,N/A,0,-5,"NYSE","Basic Materials","Basic Materials/Agriculture","Common Stock",132.52909091,132.52909091
20100511,131.15454545,133.67454545,127.14545455,132.87272727,285,37869,N/A,N/A,0,-5,"NYSE","Basic Materials","Basic Materials/Agriculture","Common Stock",132.87272727,132.87272727
20100512,133.56000000,140.54727273,132.75818182,140.43272727,363,50977,N/A,N/A,0,-5,"NYSE","Basic Materials","Basic Materials/Agriculture","Common Stock",140.43272727,140.43272727
20100513,144.67090909,152.11636364,142.03636364,146.27454545,565,82645,N/A,N/A,0,-5,"NYSE","Basic Materials","Basic Materials/Agriculture","Common Stock",146.27454545,146.27454545
20100514,145.12909091,145.12909091,135.39272727,138.48545455,257,35591,N/A,N/A,0,-5,"NYSE","Basic Materials","Basic Materials/Agriculture","Common Stock",138.48545455,138.48545455
20100517,138.37090909,139.28727273,126.34363636,129.89454545,378,49100,N/A,N/A,0,-5,"NYSE","Basic Materials","Basic Materials/Agriculture","Common Stock",129.89454545,129.89454545
20100518,132.52909091,135.39272727,126.68727273,128.63454545,283,36404,N/A,N/A,0,-5,"NYSE","Basic Materials","Basic Materials/Agriculture","Common Stock",128.63454545,128.63454545
20100519,127.71818182,129.09272727,119.35636364,121.07454545,396,47946,N/A,N/A,0,-5,"NYSE","Basic Materials","Basic Materials/Agriculture","Common Stock",121.07454545,121.07454545
20100520,117.86727273,119.47090909,113.97272727,115.00363636,624,71762,N/A,N/A,0,-5,"NYSE","Basic Materials","Basic Materials/Agriculture","Common Stock",115.00363636,115.00363636
20100521,114.54545455,132.87272727,114.08727273,126.45818182,581,73472,N/A,N/A,0,-5,"NYSE","Basic Materials","Basic Materials/Agriculture","Common Stock",126.45818182,126.45818182
20100524,126.68727273,130.00909091,126.45818182,127.48909091,278,35442,N/A,N/A,0,-5,"NYSE","Basic Materials","Basic Materials/Agriculture","Common Stock",127.48909091,127.48909091
20100525,122.56363636,124.96909091,116.95090909,123.93818182,313,38793,N/A,N/A,0,-5,"NYSE","Basic Materials","Basic Materials/Agriculture","Common Stock",123.93818182,123.93818182
20100526,130.58181818,130.58181818,124.96909091,126.80181818,300,38041,N/A,N/A,0,-5,"NYSE","Basic Materials","Basic Materials/Agriculture","Common Stock",126.80181818,126.80181818
20100527,130.46727273,132.41454545,126.34363636,128.40545455,640,82179,N/A,N/A,0,-5,"NYSE","Basic Materials","Basic Materials/Agriculture","Common Stock",128.40545455,128.40545455
20100528,131.72727273,131.72727273,122.79272727,124.05272727,244,30269,N/A,N/A,0,-5,"NYSE","Basic Materials","Basic Materials/Agriculture","Common Stock",124.05272727,124.05272727
20100531,131.72727273,131.72727273,122.79272727,124.05272727,0,0,N/A,N/A,0,0,"NYSE","Basic Materials","Basic Materials/Agriculture","Common Stock",10.83000000,124.05272727
20100601,120.84545455,124.16727273,115.23272727,117.75272727,535,62998,N/A,N/A,0,-5,"NYSE","Basic Materials","Basic Materials/Agriculture","Common Stock",117.75272727,117.75272727
20100602,118.09636364,119.70000000,117.06545455,119.12727273,363,43243,N/A,N/A,0,-5,"NYSE","Basic Materials","Basic Materials/Agriculture","Common Stock",119.12727273,119.12727273
20100603,119.12727273,122.44909091,117.98181818,121.87636364,269,32785,N/A,N/A,0,-5,"NYSE","Basic Materials","Basic Materials/Agriculture","Common Stock",121.87636364,121.87636364
20100604,120.27272727,120.84545455,115.92000000,116.83636364,248,28975,N/A,N/A,0,-5,"NYSE","Basic Materials","Basic Materials/Agriculture","Common Stock",116.83636364,116.83636364
20100607,126.57272727,126.57272727,113.62909091,114.08727273,238,27153,N/A,N/A,0,-5,"NYSE","Basic Materials","Basic Materials/Agriculture","Common Stock",114.08727273,114.08727273
20100608,113.97272727,116.14909091,109.96363636,113.28545455,237,26849,N/A,N/A,0,-5,"NYSE","Basic Materials","Basic Materials/Agriculture","Common Stock",113.28545455,113.28545455
20100609,114.08727273,116.26363636,111.22363636,112.25454545,239,26829,N/A,N/A,0,-5,"NYSE","Basic Materials","Basic Materials/Agriculture","Common Stock",112.25454545,112.25454545
20100610,113.62909091,115.57636364,112.36909091,115.57636364,226,26120,N/A,N/A,0,-5,"NYSE","Basic Materials","Basic Materials/Agriculture","Common Stock",115.57636364,115.57636364
20100611,113.40000000,118.44000000,113.05636364,118.09636364,189,22320,N/A,N/A,0,-5,"NYSE","Basic Materials","Basic Materials/Agriculture","Common Stock",118.09636364,118.09636364
20100614,120.38727273,123.25090909,117.52363636,118.21090909,343,40546,N/A,N/A,0,-5,"NYSE","Basic Materials","Basic Materials/Agriculture","Common Stock",118.21090909,118.21090909
20100615,119.47090909,130.23818182,118.21090909,128.06181818,621,79526,N/A,N/A,0,-5,"NYSE","Basic Materials","Basic Materials/Agriculture","Common Stock",128.06181818,128.06181818
20100616,127.37454545,129.43636364,124.05272727,125.19818182,301,37685,N/A,N/A,0,-5,"NYSE","Basic Materials","Basic Materials/Agriculture","Common Stock",125.19818182,125.19818182
20100617,129.43636364,129.43636364,122.44909091,124.05272727,296,36720,N/A,N/A,0,-5,"NYSE","Basic Materials","Basic Materials/Agriculture","Common Stock",124.05272727,124.05272727
20100618,126.22909091,126.22909091,118.32545455,120.96000000,323,39070,N/A,N/A,0,-5,"NYSE","Basic Materials","Basic Materials/Agriculture","Common Stock",120.96000000,120.96000000
20100621,128.74909091,128.74909091,118.66909091,120.15818182,378,45420,N/A,N/A,0,-5,"NYSE","Basic Materials","Basic Materials/Agriculture","Common Stock",120.15818182,120.15818182
20100622,120.27272727,122.33454545,115.69090909,116.60727273,295,34399,N/A,N/A,0,-5,"NYSE","Basic Materials","Basic Materials/Agriculture","Common Stock",116.60727273,116.60727273
20100623,118.09636364,118.09636364,114.77454545,115.11818182,151,17383,N/A,N/A,0,-5,"NYSE","Basic Materials","Basic Materials/Agriculture","Common Stock",115.11818182,115.11818182
20100624,114.54545455,116.03454545,113.51454545,113.62909091,218,24771,N/A,N/A,0,-5,"NYSE","Basic Materials","Basic Materials/Agriculture","Common Stock",113.62909091,113.62909091
20100625,120.04363636,123.82363636,113.62909091,120.50181818,1039,125201,N/A,N/A,0,-5,"NYSE","Basic Materials","Basic Materials/Agriculture","Common Stock",120.50181818,120.50181818
20100628,120.73090909,120.73090909,115.00363636,116.03454545,287,33302,N/A,N/A,0,-5,"NYSE","Basic Materials","Basic Materials/Agriculture","Common Stock",116.03454545,116.03454545
20100629,114.54545455,114.54545455,106.52727273,107.10000000,415,44446,N/A,N/A,0,-5,"NYSE","Basic Materials","Basic Materials/Agriculture","Common Stock",107.10000000,107.10000000
20100630,107.90181818,109.04727273,102.06000000,102.86181818,300,30859,N/A,N/A,0,-5,"NYSE","Basic Materials","Basic Materials/Agriculture","Common Stock",102.86181818,102.86181818
20100701,101.14363636,101.83090909,93.92727273,96.90545455,654,63376,N/A,N/A,0,-5,"NYSE","Basic Materials","Basic Materials/Agriculture","Common Stock",96.90545455,96.90545455
20100702,97.24909091,98.39454545,93.35454545,97.13454545,350,33997,N/A,N/A,0,-5,"NYSE","Basic Materials","Basic Materials/Agriculture","Common Stock",97.13454545,97.13454545
20100705,97.24909091,98.39454545,93.35454545,97.13454545,0,0,N/A,N/A,0,0,"NYSE","Basic Materials","Basic Materials/Agriculture","Common Stock",8.48000000,97.13454545
20100706,104.00727273,105.95454545,96.79090909,97.59272727,349,34060,N/A,N/A,0,-5,"NYSE","Basic Materials","Basic Materials/Agriculture","Common Stock",97.59272727,97.59272727
20100707,97.59272727,99.88363636,96.56181818,99.76909091,217,21650,N/A,N/A,0,-5,"NYSE","Basic Materials","Basic Materials/Agriculture","Common Stock",99.76909091,99.76909091
20100708,103.09090909,105.49636364,101.71636364,105.49636364,297,31332,N/A,N/A,0,-5,"NYSE","Basic Materials","Basic Materials/Agriculture","Common Stock",105.49636364,105.49636364
20100709,106.52727273,107.44363636,103.32000000,106.98545455,206,22039,N/A,N/A,0,-5,"NYSE","Basic Materials","Basic Materials/Agriculture","Common Stock",106.98545455,106.98545455
20100712,106.52727273,108.81818182,104.80909091,106.64181818,313,33379,N/A,N/A,0,-5,"NYSE","Basic Materials","Basic Materials/Agriculture","Common Stock",106.64181818,106.64181818
20100713,108.81818182,108.81818182,104.69454545,105.84000000,210,22226,N/A,N/A,0,-5,"NYSE","Basic Materials","Basic Materials/Agriculture","Common Stock",105.84000000,105.84000000
20100714,107.55818182,113.74363636,106.75636364,112.25454545,449,50402,N/A,N/A,0,-5,"NYSE","Basic Materials","Basic Materials/Agriculture","Common Stock",112.25454545,112.25454545
20100715,114.31636364,114.31636364,108.81818182,111.10909091,225,25000,N/A,N/A,0,-5,"NYSE","Basic Materials","Basic Materials/Agriculture","Common Stock",111.10909091,111.10909091
20100716,111.10909091,111.10909091,105.61090909,106.98545455,226,24179,N/A,N/A,0,-5,"NYSE","Basic Materials","Basic Materials/Agriculture","Common Stock",106.98545455,106.98545455
20100719,107.10000000,112.14000000,104.58000000,108.81818182,219,23831,N/A,N/A,0,-5,"NYSE","Basic Materials","Basic Materials/Agriculture","Common Stock",108.81818182,108.81818182
20100720,109.04727273,109.96363636,106.41272727,109.96363636,196,21553,N/A,N/A,0,-5,"NYSE","Basic Materials","Basic Materials/Agriculture","Common Stock",109.96363636,109.96363636
20100721,109.84909091,115.46181818,107.90181818,115.34727273,425,49023,N/A,N/A,0,-5,"NYSE","Basic Materials","Basic Materials/Agriculture","Common Stock",115.34727273,115.34727273
20100722,118.89818182,120.27272727,116.83636364,119.70000000,419,50154,N/A,N/A,0,-5,"NYSE","Basic Materials","Basic Materials/Agriculture","Common Stock",119.70000000,119.70000000
20100723,119.81454545,128.17636364,119.81454545,128.17636364,465,59602,N/A,N/A,0,-5,"NYSE","Basic Materials","Basic Materials/Agriculture","Common Stock",128.17636364,128.17636364
20100726,123.48000000,128.17636364,123.48000000,126.68727273,348,44087,N/A,N/A,0,-5,"NYSE","Basic Materials","Basic Materials/Agriculture","Common Stock",126.68727273,126.68727273
20100727,129.09272727,130.58181818,122.56363636,124.39636364,298,37070,N/A,N/A,0,-5,"NYSE","Basic Materials","Basic Materials/Agriculture","Common Stock",124.39636364,124.39636364
20100728,122.67818182,123.48000000,119.35636364,121.76181818,202,24596,N/A,N/A,0,-5,"NYSE","Basic Materials","Basic Materials/Agriculture","Common Stock",121.76181818,121.76181818
20100729,120.38727273,122.44909091,115.23272727,121.64727273,553,67271,N/A,N/A,0,-5,"NYSE","Basic Materials","Basic Materials/Agriculture","Common Stock",121.64727273,121.64727273
20100730,119.12727273,123.36545455,115.92000000,123.25090909,186,22925,N/A,N/A,0,-5,"NYSE","Basic Materials","Basic Materials/Agriculture","Common Stock",123.25090909,123.25090909
20100802,125.77090909,125.77090909,120.61636364,123.70909091,365,45154,N/A,N/A,0,-5,"NYSE","Basic Materials","Basic Materials/Agriculture","Common Stock",123.70909091,123.70909091
20100803,126.34363636,126.34363636,122.56363636,124.28181818,239,29703,N/A,N/A,0,-5,"NYSE","Basic Materials","Basic Materials/Agriculture","Common Stock",124.28181818,124.28181818
20100804,128.63454545,128.63454545,120.61636364,125.77090909,224,28173,N/A,N/A,0,-5,"NYSE","Basic Materials","Basic Materials/Agriculture","Common Stock",125.77090909,125.77090909
20100805,124.85454545,130.00909091,122.22000000,126.11454545,415,52338,N/A,N/A,0,-5,"NYSE","Basic Materials","Basic Materials/Agriculture","Common Stock",126.11454545,126.11454545
20100806,125.08363636,134.01818182,123.70909091,131.72727273,951,125273,N/A,N/A,0,-5,"NYSE","Basic Materials","Basic Materials/Agriculture","Common Stock",131.72727273,131.72727273
20100809,133.44545455,133.44545455,127.14545455,129.09272727,373,48152,N/A,N/A,0,-5,"NYSE","Basic Materials","Basic Materials/Agriculture","Common Stock",129.09272727,129.09272727
20100810,126.11454545,127.83272727,123.93818182,125.77090909,210,26412,N/A,N/A,0,-5,"NYSE","Basic Materials","Basic Materials/Agriculture","Common Stock",125.77090909,125.77090909
20100811,122.33454545,122.44909091,116.60727273,119.24181818,280,33388,N/A,N/A,0,-5,"NYSE","Basic Materials","Basic Materials/Agriculture","Common Stock",119.24181818,119.24181818
20100812,116.95090909,123.13636364,116.95090909,122.44909091,306,37469,N/A,N/A,0,-5,"NYSE","Basic Materials","Basic Materials/Agriculture","Common Stock",122.44909091,122.44909091
20100813,125.08363636,128.29090909,122.44909091,123.82363636,250,30956,N/A,N/A,0,-5,"NYSE","Basic Materials","Basic Materials/Agriculture","Common Stock",123.82363636,123.82363636
20100816,125.19818182,128.29090909,121.64727273,124.16727273,215,26696,N/A,N/A,0,-5,"NYSE","Basic Materials","Basic Materials/Agriculture","Common Stock",124.16727273,124.16727273
20100817,128.86363636,135.16363636,126.00000000,135.16363636,790,106779,N/A,N/A,0,-5,"NYSE","Basic Materials","Basic Materials/Agriculture","Common Stock",135.16363636,135.16363636
20100818,136.65272727,143.18181818,134.01818182,139.17272727,806,112173,N/A,N/A,0,-5,"NYSE","Basic Materials","Basic Materials/Agriculture","Common Stock",139.17272727,139.17272727
20100819,140.31818182,141.92181818,134.36181818,135.73636364,395,53616,N/A,N/A,0,-5,"NYSE","Basic Materials","Basic Materials/Agriculture","Common Stock",135.73636364,135.73636364
20100820,135.85090909,137.56909091,130.58181818,137.56909091,395,54340,N/A,N/A,0,-5,"NYSE","Basic Materials","Basic Materials/Agriculture","Common Stock",137.56909091,137.56909091
20100823,141.00545455,141.92181818,135.50727273,137.79818182,524,72206,N/A,N/A,0,-5,"NYSE","Basic Materials","Basic Materials/Agriculture","Common Stock",137.79818182,137.79818182
20100824,135.04909091,136.42363636,126.91636364,128.52000000,439,56420,N/A,N/A,0,-5,"NYSE","Basic Materials","Basic Materials/Agriculture","Common Stock",128.52000000,128.52000000
20100825,125.19818182,126.45818182,116.14909091,118.78363636,826,98115,N/A,N/A,0,-5,"NYSE","Basic Materials","Basic Materials/Agriculture","Common Stock",118.78363636,118.78363636
20100826,120.27272727,124.28181818,119.12727273,120.50181818,353,42537,N/A,N/A,0,-5,"NYSE","Basic Materials","Basic Materials/Agriculture","Common Stock",120.50181818,120.50181818
20100827,121.18909091,122.56363636,119.24181818,121.99090909,205,25008,N/A,N/A,0,-5,"NYSE","Basic Materials","Basic Materials/Agriculture","Common Stock",121.99090909,121.99090909
20100830,119.92909091,119.92909091,113.97272727,115.11818182,758,87260,N/A,N/A,0,-5,"NYSE","Basic Materials","Basic Materials/Agriculture","Common Stock",115.11818182,115.11818182
20100831,114.66000000,114.66000000,104.80909091,109.96363636,1068,117441,N/A,N/A,0,-5,"NYSE","Basic Materials","Basic Materials/Agriculture","Common Stock",109.96363636,109.96363636
20100901,110.30727273,117.18000000,109.84909091,116.83636364,624,72906,N/A,N/A,0,-5,"NYSE","Basic Materials","Basic Materials/Agriculture","Common Stock",116.83636364,116.83636364
20100902,108.81818182,112.25454545,106.64181818,109.96363636,835,91820,N/A,N/A,0,-5,"NYSE","Basic Materials","Basic Materials/Agriculture","Common Stock",109.96363636,109.96363636
20100903,111.79636364,113.51454545,104.80909091,105.26727273,783,82424,N/A,N/A,0,-5,"NYSE","Basic Materials","Basic Materials/Agriculture","Common Stock",105.26727273,105.26727273
20100906,111.79636364,113.51454545,104.80909091,105.26727273,0,0,N/A,N/A,0,0,"NYSE","Basic Materials","Basic Materials/Agriculture","Common Stock",9.19000000,105.26727273
20100907,104.00727273,104.00727273,96.79090909,99.65454545,943,93974,N/A,N/A,0,-5,"NYSE","Basic Materials","Basic Materials/Agriculture","Common Stock",99.65454545,99.65454545
20100908,100.80000000,104.23636364,94.84363636,102.51818182,764,78324,N/A,N/A,0,-5,"NYSE","Basic Materials","Basic Materials/Agriculture","Common Stock",102.51818182,102.51818182
20100909,102.51818182,105.26727273,99.31090909,100.45636364,420,42192,N/A,N/A,0,-5,"NYSE","Basic Materials","Basic Materials/Agriculture","Common Stock",100.45636364,100.45636364
20100910,100.22727273,100.45636364,95.98909091,97.93636364,534,52298,N/A,N/A,0,-5,"NYSE","Basic Materials","Basic Materials/Agriculture","Common Stock",97.93636364,97.93636364
20100913,98.39454545,99.76909091,96.21818182,98.73818182,427,42161,N/A,N/A,0,-5,"NYSE","Basic Materials","Basic Materials/Agriculture","Common Stock",98.73818182,98.73818182
20100914,100.68545455,100.68545455,97.36363636,98.16545455,314,30824,N/A,N/A,0,-5,"NYSE","Basic Materials","Basic Materials/Agriculture","Common Stock",98.16545455,98.16545455
20100915,97.36363636,99.88363636,95.30181818,96.33272727,377,36317,N/A,N/A,0,-5,"NYSE","Basic Materials","Basic Materials/Agriculture","Common Stock",96.33272727,96.33272727
20100916,95.98909091,101.37272727,95.30181818,100.34181818,476,47763,N/A,N/A,0,-5,"NYSE","Basic Materials","Basic Materials/Agriculture","Common Stock",100.34181818,100.34181818
20100917,101.71636364,103.09090909,98.50909091,99.54000000,320,31853,N/A,N/A,0,-5,"NYSE","Basic Materials","Basic Materials/Agriculture","Common Stock",99.54000000,99.54000000
20100920,100.11272727,102.40363636,98.73818182,100.80000000,357,35986,N/A,N/A,0,-5,"NYSE","Basic Materials","Basic Materials/Agriculture","Common Stock",100.80000000,100.80000000
20100921,101.14363636,103.09090909,99.42545455,99.99818182,288,28799,N/A,N/A,0,-5,"NYSE","Basic Materials","Basic Materials/Agriculture","Common Stock",99.99818182,99.99818182
20100922,100.68545455,100.68545455,97.93636364,98.73818182,225,22216,N/A,N/A,0,-5,"NYSE","Basic Materials","Basic Materials/Agriculture","Common Stock",98.73818182,98.73818182
20100923,97.93636364,98.85272727,95.07272727,95.76000000,415,39740,N/A,N/A,0,-5,"NYSE","Basic Materials","Basic Materials/Agriculture","Common Stock",95.76000000,95.76000000
20100924,95.30181818,98.16545455,95.18727273,96.44727273,389,37518,N/A,N/A,0,-5,"NYSE","Basic Materials","Basic Materials/Agriculture","Common Stock",96.44727273,96.44727273
20100927,96.90545455,101.71636364,96.90545455,99.88363636,349,34859,N/A,N/A,0,-5,"NYSE","Basic Materials","Basic Materials/Agriculture","Common Stock",99.88363636,99.88363636
20100928,101.37272727,101.37272727,97.93636364,98.39454545,132,12988,N/A,N/A,0,-5,"NYSE","Basic Materials","Basic Materials/Agriculture","Common Stock",98.39454545,98.39454545
20100929,97.82181818,101.14363636,97.47818182,100.45636364,229,23005,N/A,N/A,0,-5,"NYSE","Basic Materials","Basic Materials/Agriculture","Common Stock",100.45636364,100.45636364
20100930,101.37272727,103.89272727,99.65454545,100.57090909,419,42139,N/A,N/A,0,-5,"NYSE","Basic Materials","Basic Materials/Agriculture","Common Stock",100.57090909,100.57090909
20101001,101.94545455,103.32000000,101.02909091,103.20545455,198,20435,N/A,N/A,0,-5,"NYSE","Basic Materials","Basic Materials/Agriculture","Common Stock",103.20545455,103.20545455
20101004,104.69454545,108.24545455,102.51818182,106.98545455,656,70182,N/A,N/A,0,-5,"NYSE","Basic Materials","Basic Materials/Agriculture","Common Stock",106.98545455,106.98545455
20101005,108.70363636,112.02545455,107.78727273,110.30727273,507,55926,N/A,N/A,0,-5,"NYSE","Basic Materials","Basic Materials/Agriculture","Common Stock",110.30727273,110.30727273
20101006,112.71272727,114.43090909,109.39090909,113.28545455,414,46900,N/A,N/A,0,-5,"NYSE","Basic Materials","Basic Materials/Agriculture","Common Stock",113.28545455,113.28545455
20101007,113.28545455,114.31636364,108.24545455,108.81818182,277,30143,N/A,N/A,0,-5,"NYSE","Basic Materials","Basic Materials/Agriculture","Common Stock",108.81818182,108.81818182
20101008,109.96363636,114.43090909,109.39090909,112.48363636,386,43419,N/A,N/A,0,-5,"NYSE","Basic Materials","Basic Materials/Agriculture","Common Stock",112.48363636,112.48363636
20101011,113.74363636,117.98181818,112.71272727,116.72181818,541,63147,N/A,N/A,0,-5,"NYSE","Basic Materials","Basic Materials/Agriculture","Common Stock",116.72181818,116.72181818
20101012,116.14909091,119.70000000,115.69090909,118.66909091,260,30854,N/A,N/A,0,-5,"NYSE","Basic Materials","Basic Materials/Agriculture","Common Stock",118.66909091,118.66909091
20101013,118.66909091,120.15818182,115.46181818,117.75272727,341,40154,N/A,N/A,0,-5,"NYSE","Basic Materials","Basic Materials/Agriculture","Common Stock",117.75272727,117.75272727
20101014,118.78363636,118.89818182,112.71272727,115.00363636,352,40481,N/A,N/A,0,-5,"NYSE","Basic Materials","Basic Materials/Agriculture","Common Stock",115.00363636,115.00363636
20101015,115.00363636,115.92000000,106.52727273,108.93272727,614,66885,N/A,N/A,0,-5,"NYSE","Basic Materials","Basic Materials/Agriculture","Common Stock",108.93272727,108.93272727
20101018,107.90181818,117.06545455,104.12181818,111.33818182,671,74708,N/A,N/A,0,-5,"NYSE","Basic Materials","Basic Materials/Agriculture","Common Stock",111.33818182,111.33818182
20101019,109.16181818,112.14000000,106.52727273,107.67272727,445,47914,N/A,N/A,0,-5,"NYSE","Basic Materials","Basic Materials/Agriculture","Common Stock",107.67272727,107.67272727
20101020,107.90181818,108.81818182,105.49636364,106.41272727,408,43416,N/A,N/A,0,-5,"NYSE","Basic Materials","Basic Materials/Agriculture","Common Stock",106.41272727,106.41272727
20101021,105.38181818,108.24545455,103.66363636,103.77818182,484,50229,N/A,N/A,0,-5,"NYSE","Basic Materials","Basic Materials/Agriculture","Common Stock",103.77818182,103.77818182
20101022,103.54909091,104.23636364,98.28000000,98.96727273,703,69574,N/A,N/A,0,-5,"NYSE","Basic Materials","Basic Materials/Agriculture","Common Stock",98.96727273,98.96727273
20101025,97.70727273,98.85272727,86.82545455,87.74181818,1409,123628,N/A,N/A,0,-5,"NYSE","Basic Materials","Basic Materials/Agriculture","Common Stock",87.74181818,87.74181818
20101026,83.38909091,84.99272727,78.00545455,83.38909091,1261,105154,N/A,N/A,0,-5,"NYSE","Basic Materials","Basic Materials/Agriculture","Common Stock",83.38909091,83.38909091
20101027,82.35818182,90.14727273,79.83818182,88.77272727,989,87796,N/A,N/A,0,-5,"NYSE","Basic Materials","Basic Materials/Agriculture","Common Stock",88.77272727,88.77272727
20101028,88.42909091,88.65818182,83.84727273,85.90909091,349,29982,N/A,N/A,0,-5,"NYSE","Basic Materials","Basic Materials/Agriculture","Common Stock",85.90909091,85.90909091
20101029,85.33636364,85.90909091,83.27454545,84.19090909,217,18269,N/A,N/A,0,-5,"NYSE","Basic Materials","Basic Materials/Agriculture","Common Stock",84.19090909,84.19090909
20101101,84.53454545,87.16909091,81.67090909,82.24363636,396,32568,N/A,N/A,0,-5,"NYSE","Basic Materials","Basic Materials/Agriculture","Common Stock",82.24363636,82.24363636
20101102,82.93090909,87.62727273,82.24363636,86.48181818,361,31220,N/A,N/A,0,-5,"NYSE","Basic Materials","Basic Materials/Agriculture","Common Stock",86.48181818,86.48181818
20101103,87.16909091,91.40727273,85.90909091,89.68909091,415,37221,N/A,N/A,0,-5,"NYSE","Basic Materials","Basic Materials/Agriculture","Common Stock",89.68909091,89.68909091
20101104,91.52181818,91.52181818,87.62727273,89.91818182,333,29943,N/A,N/A,0,-5,"NYSE","Basic Materials","Basic Materials/Agriculture","Common Stock",89.91818182,89.91818182
20101105,90.03272727,90.60545455,85.90909091,86.82545455,339,29434,N/A,N/A,0,-5,"NYSE","Basic Materials","Basic Materials/Agriculture","Common Stock",86.82545455,86.82545455
20101108,86.94000000,98.96727273,86.59636364,98.28000000,1073,105454,N/A,N/A,0,-5,"NYSE","Basic Materials","Basic Materials/Agriculture","Common Stock",98.28000000,98.28000000
20101109,101.48727273,104.92363636,99.76909091,100.57090909,883,88804,N/A,N/A,0,-5,"NYSE","Basic Materials","Basic Materials/Agriculture","Common Stock",100.57090909,100.57090909
20101110,106.98545455,109.62000000,100.91454545,108.58909091,1162,126181,N/A,N/A,0,-5,"NYSE","Basic Materials","Basic Materials/Agriculture","Common Stock",108.58909091,108.58909091
20101111,108.58909091,108.70363636,102.51818182,103.54909091,415,42973,N/A,N/A,0,-5,"NYSE","Basic Materials","Basic Materials/Agriculture","Common Stock",103.54909091,103.54909091
20101112,100.80000000,101.71636364,95.07272727,95.07272727,447,42498,N/A,N/A,0,-5,"NYSE","Basic Materials","Basic Materials/Agriculture","Common Stock",95.07272727,95.07272727
20101115,98.50909091,98.50909091,90.60545455,91.86545455,505,46392,N/A,N/A,0,-5,"NYSE","Basic Materials","Basic Materials/Agriculture","Common Stock",91.86545455,91.86545455
20101116,91.63636364,94.50000000,85.90909091,87.97090909,426,37476,N/A,N/A,0,-5,"NYSE","Basic Materials","Basic Materials/Agriculture","Common Stock",87.97090909,87.97090909
20101117,89.68909091,91.63636364,88.20000000,90.03272727,229,20617,N/A,N/A,0,-5,"NYSE","Basic Materials","Basic Materials/Agriculture","Common Stock",90.03272727,90.03272727
20101118,94.15636364,96.79090909,93.24000000,95.98909091,318,30525,N/A,N/A,0,-5,"NYSE","Basic Materials","Basic Materials/Agriculture","Common Stock",95.98909091,95.98909091
20101119,96.56181818,97.82181818,93.58363636,93.92727273,182,17095,N/A,N/A,0,-5,"NYSE","Basic Materials","Basic Materials/Agriculture","Common Stock",93.92727273,93.92727273
20101122,95.41636364,98.28000000,92.89636364,94.84363636,462,43818,N/A,N/A,0,-5,"NYSE","Basic Materials","Basic Materials/Agriculture","Common Stock",94.84363636,94.84363636
20101123,95.07272727,95.53090909,92.09454545,93.46909091,222,20750,N/A,N/A,0,-5,"NYSE","Basic Materials","Basic Materials/Agriculture","Common Stock",93.46909091,93.46909091
20101124,95.98909091,97.70727273,93.92727273,97.13454545,209,20301,N/A,N/A,0,-5,"NYSE","Basic Materials","Basic Materials/Agriculture","Common Stock",97.13454545,97.13454545
20101125,95.98909091,97.70727273,93.92727273,97.13454545,0,0,N/A,N/A,0,0,"NYSE","Basic Materials","Basic Materials/Agriculture","Common Stock",8.48000000,97.13454545
20101126,95.41636364,97.93636364,94.38545455,97.82181818,106,10369,N/A,N/A,0,-5,"NYSE","Basic Materials","Basic Materials/Agriculture","Common Stock",97.82181818,97.82181818
20101129,97.82181818,100.22727273,95.76000000,97.59272727,188,18347,N/A,N/A,0,-5,"NYSE","Basic Materials","Basic Materials/Agriculture","Common Stock",97.59272727,97.59272727
20101130,96.90545455,97.93636364,95.18727273,97.02000000,133,12904,N/A,N/A,0,-5,"NYSE","Basic Materials","Basic Materials/Agriculture","Common Stock",97.02000000,97.02000000
20101201,100.22727273,100.22727273,92.20909091,94.15636364,325,30601,N/A,N/A,0,-5,"NYSE","Basic Materials","Basic Materials/Agriculture","Common Stock",94.15636364,94.15636364
20101202,93.81272727,95.07272727,92.43818182,93.58363636,243,22741,N/A,N/A,0,-5,"NYSE","Basic Materials","Basic Materials/Agriculture","Common Stock",93.58363636,93.58363636
20101203,92.43818182,94.50000000,92.43818182,94.04181818,118,11097,N/A,N/A,0,-5,"NYSE","Basic Materials","Basic Materials/Agriculture","Common Stock",94.04181818,94.04181818
20101206,93.69818182,94.27090909,92.78181818,93.12545455,96,8940,N/A,N/A,0,-5,"NYSE","Basic Materials","Basic Materials/Agriculture","Common Stock",93.12545455,93.12545455
20101207,94.04181818,104.12181818,93.69818182,100.91454545,664,67007,N/A,N/A,0,-5,"NYSE","Basic Materials","Basic Materials/Agriculture","Common Stock",100.91454545,100.91454545
20101208,101.48727273,102.28909091,96.21818182,97.24909091,222,21589,N/A,N/A,0,-5,"NYSE","Basic Materials","Basic Materials/Agriculture","Common Stock",97.24909091,97.24909091
20101209,97.59272727,97.59272727,95.30181818,96.56181818,139,13422,N/A,N/A,0,-5,"NYSE","Basic Materials","Basic Materials/Agriculture","Common Stock",96.56181818,96.56181818
20101210,96.56181818,99.08181818,95.41636364,97.36363636,120,11684,N/A,N/A,0,-5,"NYSE","Basic Materials","Basic Materials/Agriculture","Common Stock",97.36363636,97.36363636
20101213,97.36363636,99.65454545,97.02000000,98.28000000,127,12482,N/A,N/A,0,-5,"NYSE","Basic Materials","Basic Materials/Agriculture","Common Stock",98.28000000,98.28000000
20101214,98.16545455,98.50909091,96.44727273,96.44727273,120,11574,N/A,N/A,0,-5,"NYSE","Basic Materials","Basic Materials/Agriculture","Common Stock",96.44727273,96.44727273
20101215,97.93636364,98.39454545,95.76000000,96.33272727,91,8766,N/A,N/A,0,-5,"NYSE","Basic Materials","Basic Materials/Agriculture","Common Stock",96.33272727,96.33272727
20101216,96.79090909,97.36363636,93.92727273,94.15636364,181,17042,N/A,N/A,0,-5,"NYSE","Basic Materials","Basic Materials/Agriculture","Common Stock",94.15636364,94.15636364
20101217,93.92727273,98.05090909,93.92727273,96.67636364,200,19335,N/A,N/A,0,-5,"NYSE","Basic Materials","Basic Materials/Agriculture","Common Stock",96.67636364,96.67636364
20101220,95.76000000,98.05090909,95.76000000,96.21818182,191,18378,N/A,N/A,0,-5,"NYSE","Basic Materials","Basic Materials/Agriculture","Common Stock",96.21818182,96.21818182
20101221,96.21818182,105.38181818,93.92727273,104.58000000,712,74461,N/A,N/A,0,-5,"NYSE","Basic Materials","Basic Materials/Agriculture","Common Stock",104.58000000,104.58000000
20101222,104.92363636,112.14000000,104.92363636,108.47454545,557,60420,N/A,N/A,0,-5,"NYSE","Basic Materials","Basic Materials/Agriculture","Common Stock",108.47454545,108.47454545
20101223,108.81818182,110.07818182,107.67272727,108.13090909,199,21518,N/A,N/A,0,-5,"NYSE","Basic Materials","Basic Materials/Agriculture","Common Stock",108.13090909,108.13090909
20101224,108.81818182,110.07818182,107.67272727,108.13090909,0,0,N/A,N/A,0,0,"NYSE","Basic Materials","Basic Materials/Agriculture","Common Stock",9.44000000,108.13090909
20101227,108.13090909,108.36000000,106.18363636,106.64181818,107,11411,N/A,N/A,0,-5,"NYSE","Basic Materials","Basic Materials/Agriculture","Common Stock",106.64181818,106.64181818
20101228,106.64181818,108.13090909,103.89272727,103.89272727,171,17766,N/A,N/A,0,-5,"NYSE","Basic Materials","Basic Materials/Agriculture","Common Stock",103.89272727,103.89272727
20101229,103.89272727,108.36000000,103.32000000,107.67272727,226,24334,N/A,N/A,0,-5,"NYSE","Basic Materials","Basic Materials/Agriculture","Common Stock",107.67272727,107.67272727
20101230,109.50545455,109.50545455,105.38181818,105.72545455,228,24105,N/A,N/A,0,-5,"NYSE","Basic Materials","Basic Materials/Agriculture","Common Stock",105.72545455,105.72545455
20101231,105.15272727,106.29818182,103.09090909,103.09090909,196,20206,N/A,N/A,0,-5,"NYSE","Basic Materials","Basic Materials/Agriculture","Common Stock",103.09090909,103.09090909
20110103,105.84000000,107.67272727,104.46545455,104.69454545,245,25650,N/A,N/A,0,-5,"NYSE","Basic Materials","Basic Materials/Agriculture","Common Stock",104.69454545,104.69454545
20110104,107.44363636,107.67272727,103.32000000,103.66363636,298,30892,N/A,N/A,0,-5,"NYSE","Basic Materials","Basic Materials/Agriculture","Common Stock",103.66363636,103.66363636
20110105,106.98545455,108.70363636,90.49090909,92.89636364,2517,233820,N/A,N/A,0,-5,"NYSE","Basic Materials","Basic Materials/Agriculture","Common Stock",92.89636364,92.89636364
20110106,88.88727273,91.06363636,81.32727273,85.68000000,3125,267750,N/A,N/A,0,-5,"NYSE","Basic Materials","Basic Materials/Agriculture","Common Stock",85.68000000,85.68000000
20110107,84.76363636,87.62727273,83.38909091,83.96181818,691,58018,N/A,N/A,0,-5,"NYSE","Basic Materials","Basic Materials/Agriculture","Common Stock",83.96181818,83.96181818
20110110,83.50363636,87.51272727,82.81636364,85.79454545,454,38951,N/A,N/A,0,-5,"NYSE","Basic Materials","Basic Materials/Agriculture","Common Stock",85.79454545,85.79454545
20110111,86.94000000,91.52181818,86.36727273,87.74181818,560,49135,N/A,N/A,0,-5,"NYSE","Basic Materials","Basic Materials/Agriculture","Common Stock",87.74181818,87.74181818
20110112,90.37636364,90.94909091,81.90000000,86.59636364,962,83306,N/A,N/A,0,-5,"NYSE","Basic Materials","Basic Materials/Agriculture","Common Stock",86.59636364,86.59636364
20110113,86.02363636,90.72000000,83.84727273,89.34545455,685,61202,N/A,N/A,0,-5,"NYSE","Basic Materials","Basic Materials/Agriculture","Common Stock",89.34545455,89.34545455
20110114,90.49090909,93.81272727,88.77272727,91.63636364,428,39220,N/A,N/A,0,-5,"NYSE","Basic Materials","Basic Materials/Agriculture","Common Stock",91.63636364,91.63636364
20110117,90.49090909,93.81272727,88.77272727,91.63636364,0,0,N/A,N/A,0,0,"NYSE","Basic Materials","Basic Materials/Agriculture","Common Stock",8.00000000,91.63636364
20110118,94.38545455,96.21818182,91.17818182,96.21818182,518,49841,N/A,N/A,0,-5,"NYSE","Basic Materials","Basic Materials/Agriculture","Common Stock",96.21818182,96.21818182
20110119,94.95818182,96.79090909,91.75090909,92.09454545,266,24497,N/A,N/A,0,-5,"NYSE","Basic Materials","Basic Materials/Agriculture","Common Stock",92.09454545,92.09454545
20110120,92.09454545,92.66727273,87.85636364,91.40727273,372,34004,N/A,N/A,0,-5,"NYSE","Basic Materials","Basic Materials/Agriculture","Common Stock",91.40727273,91.40727273
20110121,96.21818182,96.21818182,90.60545455,91.40727273,221,20201,N/A,N/A,0,-5,"NYSE","Basic Materials","Basic Materials/Agriculture","Common Stock",91.40727273,91.40727273
20110124,93.92727273,96.21818182,91.06363636,95.87454545,508,48704,N/A,N/A,0,-5,"NYSE","Basic Materials","Basic Materials/Agriculture","Common Stock",95.87454545,95.87454545
20110125,95.87454545,96.79090909,93.35454545,95.87454545,194,18600,N/A,N/A,0,-5,"NYSE","Basic Materials","Basic Materials/Agriculture","Common Stock",95.87454545,95.87454545
20110126,96.79090909,96.79090909,93.92727273,96.21818182,314,30213,N/A,N/A,0,-5,"NYSE","Basic Materials","Basic Materials/Agriculture","Common Stock",96.21818182,96.21818182
20110127,95.87454545,96.10363636,93.92727273,95.64545455,225,21520,N/A,N/A,0,-5,"NYSE","Basic Materials","Basic Materials/Agriculture","Common Stock",95.64545455,95.64545455
20110128,94.04181818,95.41636364,92.78181818,94.15636364,157,14783,N/A,N/A,0,-5,"NYSE","Basic Materials","Basic Materials/Agriculture","Common Stock",94.15636364,94.15636364
20110131,95.30181818,95.64545455,92.20909091,93.12545455,160,14900,N/A,N/A,0,-5,"NYSE","Basic Materials","Basic Materials/Agriculture","Common Stock",93.12545455,93.12545455
20110201,95.07272727,96.21818182,94.15636364,95.76000000,220,21067,N/A,N/A,0,-5,"NYSE","Basic Materials","Basic Materials/Agriculture","Common Stock",95.76000000,95.76000000
20110202,96.21818182,96.33272727,94.61454545,96.10363636,87,8361,N/A,N/A,0,-5,"NYSE","Basic Materials","Basic Materials/Agriculture","Common Stock",96.10363636,96.10363636
20110203,95.76000000,95.98909091,93.01090909,93.69818182,181,16959,N/A,N/A,0,-5,"NYSE","Basic Materials","Basic Materials/Agriculture","Common Stock",93.69818182,93.69818182
20110204,94.95818182,96.21818182,93.69818182,94.95818182,210,19941,N/A,N/A,0,-5,"NYSE","Basic Materials","Basic Materials/Agriculture","Common Stock",94.95818182,94.95818182
20110207,96.21818182,98.39454545,94.04181818,94.61454545,306,28952,N/A,N/A,0,-5,"NYSE","Basic Materials","Basic Materials/Agriculture","Common Stock",94.61454545,94.61454545
20110208,95.98909091,95.98909091,93.69818182,95.07272727,143,13595,N/A,N/A,0,-5,"NYSE","Basic Materials","Basic Materials/Agriculture","Common Stock",95.07272727,95.07272727
20110209,97.36363636,100.80000000,96.21818182,100.80000000,393,39614,N/A,N/A,0,-5,"NYSE","Basic Materials","Basic Materials/Agriculture","Common Stock",100.80000000,100.80000000
20110210,97.70727273,99.08181818,93.69818182,94.61454545,364,34440,N/A,N/A,0,-5,"NYSE","Basic Materials","Basic Materials/Agriculture","Common Stock",94.61454545,94.61454545
20110211,94.50000000,95.87454545,92.78181818,93.12545455,196,18253,N/A,N/A,0,-5,"NYSE","Basic Materials","Basic Materials/Agriculture","Common Stock",93.12545455,93.12545455
20110214,93.69818182,94.95818182,90.83454545,92.09454545,202,18603,N/A,N/A,0,-5,"NYSE","Basic Materials","Basic Materials/Agriculture","Common Stock",92.09454545,92.09454545
20110215,93.46909091,94.50000000,91.75090909,93.01090909,158,14696,N/A,N/A,0,-5,"NYSE","Basic Materials","Basic Materials/Agriculture","Common Stock",93.01090909,93.01090909
20110216,94.84363636,95.07272727,90.26181818,90.37636364,196,17714,N/A,N/A,0,-5,"NYSE","Basic Materials","Basic Materials/Agriculture","Common Stock",90.37636364,90.37636364
20110217,92.43818182,92.78181818,86.48181818,88.42909091,411,36344,N/A,N/A,0,-5,"NYSE","Basic Materials","Basic Materials/Agriculture","Common Stock",88.42909091,88.42909091
20110218,89.80363636,93.12545455,89.23090909,91.75090909,266,24406,N/A,N/A,0,-5,"NYSE","Basic Materials","Basic Materials/Agriculture","Common Stock",91.75090909,91.75090909
20110221,89.80363636,93.12545455,89.23090909,91.75090909,0,0,N/A,N/A,0,0,"NYSE","Basic Materials","Basic Materials/Agriculture","Common Stock",8.01000000,91.75090909
20110222,91.63636364,92.78181818,89.46000000,90.37636364,192,17352,N/A,N/A,0,-5,"NYSE","Basic Materials","Basic Materials/Agriculture","Common Stock",90.37636364,90.37636364
20110223,91.63636364,91.63636364,89.34545455,90.14727273,142,12801,N/A,N/A,0,-5,"NYSE","Basic Materials","Basic Materials/Agriculture","Common Stock",90.14727273,90.14727273
20110224,92.20909091,92.20909091,90.14727273,91.75090909,79,7248,N/A,N/A,0,-5,"NYSE","Basic Materials","Basic Materials/Agriculture","Common Stock",91.75090909,91.75090909
20110225,92.20909091,92.78181818,91.06363636,91.63636364,139,12737,N/A,N/A,0,-5,"NYSE","Basic Materials","Basic Materials/Agriculture","Common Stock",91.63636364,91.63636364
20110228,92.20909091,92.55272727,89.68909091,89.68909091,136,12198,N/A,N/A,0,-5,"NYSE","Basic Materials","Basic Materials/Agriculture","Common Stock",89.68909091,89.68909091
20110301,89.68909091,91.98000000,89.34545455,90.14727273,143,12891,N/A,N/A,0,-5,"NYSE","Basic Materials","Basic Materials/Agriculture","Common Stock",90.14727273,90.14727273
20110302,90.83454545,91.40727273,88.31454545,88.54363636,233,20631,N/A,N/A,0,-5,"NYSE","Basic Materials","Basic Materials/Agriculture","Common Stock",88.54363636,88.54363636
20110303,89.46000000,92.55272727,88.54363636,92.09454545,203,18695,N/A,N/A,0,-5,"NYSE","Basic Materials","Basic Materials/Agriculture","Common Stock",92.09454545,92.09454545
20110304,91.40727273,92.09454545,89.23090909,90.26181818,106,9568,N/A,N/A,0,-5,"NYSE","Basic Materials","Basic Materials/Agriculture","Common Stock",90.26181818,90.26181818
20110307,91.40727273,91.40727273,88.54363636,89.11636364,99,8823,N/A,N/A,0,-5,"NYSE","Basic Materials","Basic Materials/Agriculture","Common Stock",89.11636364,89.11636364
20110308,88.88727273,91.06363636,88.08545455,90.72000000,155,14062,N/A,N/A,0,-5,"NYSE","Basic Materials","Basic Materials/Agriculture","Common Stock",90.72000000,90.72000000
20110309,92.78181818,92.78181818,89.34545455,91.29272727,91,8308,N/A,N/A,0,-5,"NYSE","Basic Materials","Basic Materials/Agriculture","Common Stock",91.29272727,91.29272727
20110310,89.91818182,90.72000000,89.34545455,90.03272727,106,9543,N/A,N/A,0,-5,"NYSE","Basic Materials","Basic Materials/Agriculture","Common Stock",90.03272727,90.03272727
20110311,88.77272727,90.60545455,87.97090909,88.77272727,177,15713,N/A,N/A,0,-5,"NYSE","Basic Materials","Basic Materials/Agriculture","Common Stock",88.77272727,88.77272727
20110314,88.08545455,88.77272727,85.68000000,88.08545455,248,21845,N/A,N/A,0,-5,"NYSE","Basic Materials","Basic Materials/Agriculture","Common Stock",88.08545455,88.08545455
20110315,85.79454545,87.05454545,83.96181818,86.48181818,195,16864,N/A,N/A,0,-5,"NYSE","Basic Materials","Basic Materials/Agriculture","Common Stock",86.48181818,86.48181818
20110316,87.05454545,87.16909091,81.32727273,81.90000000,305,24980,N/A,N/A,0,-5,"NYSE","Basic Materials","Basic Materials/Agriculture","Common Stock",81.90000000,81.90000000
20110317,83.04545455,83.16000000,73.88181818,75.14181818,592,44484,N/A,N/A,0,-5,"NYSE","Basic Materials","Basic Materials/Agriculture","Common Stock",75.14181818,75.14181818
20110318,76.28727273,78.46363636,75.71454545,77.31818182,293,22654,N/A,N/A,0,-5,"NYSE","Basic Materials","Basic Materials/Agriculture","Common Stock",77.31818182,77.31818182
20110321,79.26545455,80.18181818,74.45454545,75.02727273,279,20933,N/A,N/A,0,-5,"NYSE","Basic Materials","Basic Materials/Agriculture","Common Stock",75.02727273,75.02727273
20110322,74.45454545,76.28727273,74.45454545,76.28727273,172,13121,N/A,N/A,0,-5,"NYSE","Basic Materials","Basic Materials/Agriculture","Common Stock",76.28727273,76.28727273
20110323,76.17272727,81.32727273,76.17272727,80.75454545,213,17201,N/A,N/A,0,-5,"NYSE","Basic Materials","Basic Materials/Agriculture","Common Stock",80.75454545,80.75454545
20110324,80.52545455,82.12909091,77.31818182,78.92181818,344,27149,N/A,N/A,0,-5,"NYSE","Basic Materials","Basic Materials/Agriculture","Common Stock",78.92181818,78.92181818
20110325,78.92181818,78.92181818,77.54727273,78.00545455,95,7411,N/A,N/A,0,-5,"NYSE","Basic Materials","Basic Materials/Agriculture","Common Stock",78.00545455,78.00545455
20110328,80.41090909,80.41090909,77.31818182,77.77636364,90,7000,N/A,N/A,0,-5,"NYSE","Basic Materials","Basic Materials/Agriculture","Common Stock",77.77636364,77.77636364
20110329,79.60909091,81.55636364,77.66181818,81.32727273,203,16509,N/A,N/A,0,-5,"NYSE","Basic Materials","Basic Materials/Agriculture","Common Stock",81.32727273,81.32727273
20110330,81.21272727,82.47272727,80.52545455,81.09818182,168,13624,N/A,N/A,0,-5,"NYSE","Basic Materials","Basic Materials/Agriculture","Common Stock",81.09818182,81.09818182
20110331,81.55636364,81.55636364,78.12000000,79.03636364,167,13199,N/A,N/A,0,-5,"NYSE","Basic Materials","Basic Materials/Agriculture","Common Stock",79.03636364,79.03636364
20110401,79.95272727,81.44181818,79.03636364,80.29636364,134,10760,N/A,N/A,0,-5,"NYSE","Basic Materials","Basic Materials/Agriculture","Common Stock",80.29636364,80.29636364
20110404,80.29636364,82.70181818,80.29636364,82.70181818,295,24397,N/A,N/A,0,-5,"NYSE","Basic Materials","Basic Materials/Agriculture","Common Stock",82.70181818,82.70181818
20110405,83.38909091,83.38909091,80.75454545,82.01454545,142,11646,N/A,N/A,0,-5,"NYSE","Basic Materials","Basic Materials/Agriculture","Common Stock",82.01454545,82.01454545
20110406,82.24363636,83.38909091,81.21272727,83.16000000,92,7651,N/A,N/A,0,-5,"NYSE","Basic Materials","Basic Materials/Agriculture","Common Stock",83.16000000,83.16000000
20110407,83.61818182,86.25272727,82.24363636,85.68000000,141,12081,N/A,N/A,0,-5,"NYSE","Basic Materials","Basic Materials/Agriculture","Common Stock",85.68000000,85.68000000
20110408,87.16909091,87.97090909,83.04545455,83.73272727,307,25706,N/A,N/A,0,-5,"NYSE","Basic Materials","Basic Materials/Agriculture","Common Stock",83.73272727,83.73272727
20110411,85.90909091,90.14727273,80.75454545,81.55636364,252,20552,N/A,N/A,0,-5,"NYSE","Basic Materials","Basic Materials/Agriculture","Common Stock",81.55636364,81.55636364
20110412,81.21272727,82.24363636,77.20363636,78.69272727,180,14165,N/A,N/A,0,-5,"NYSE","Basic Materials","Basic Materials/Agriculture","Common Stock",78.69272727,78.69272727
20110413,78.92181818,79.49454545,75.60000000,76.40181818,171,13065,N/A,N/A,0,-5,"NYSE","Basic Materials","Basic Materials/Agriculture","Common Stock",76.40181818,76.40181818
20110414,75.48545455,76.17272727,72.73636364,73.53818182,174,12796,N/A,N/A,0,-5,"NYSE","Basic Materials","Basic Materials/Agriculture","Common Stock",73.53818182,73.53818182
20110415,76.17272727,76.17272727,72.16363636,74.91272727,197,14758,N/A,N/A,0,-5,"NYSE","Basic Materials","Basic Materials/Agriculture","Common Stock",74.91272727,74.91272727
20110418,76.28727273,76.28727273,72.27818182,73.76727273,278,20507,N/A,N/A,0,-5,"NYSE","Basic Materials","Basic Materials/Agriculture","Common Stock",73.76727273,73.76727273
20110419,73.99636364,75.37090909,73.30909091,74.56909091,145,10813,N/A,N/A,0,-5,"NYSE","Basic Materials","Basic Materials/Agriculture","Common Stock",74.56909091,74.56909091
20110420,75.37090909,76.51636364,72.96545455,74.56909091,140,10440,N/A,N/A,0,-5,"NYSE","Basic Materials","Basic Materials/Agriculture","Common Stock",74.56909091,74.56909091
20110421,75.02727273,77.31818182,74.11090909,76.97454545,125,9622,N/A,N/A,0,-5,"NYSE","Basic Materials","Basic Materials/Agriculture","Common Stock",76.97454545,76.97454545
20110422,75.02727273,77.31818182,74.11090909,76.97454545,0,0,N/A,N/A,0,0,"NYSE","Basic Materials","Basic Materials/Agriculture","Common Stock",6.72000000,76.97454545
20110425,76.97454545,79.60909091,76.97454545,79.49454545,131,10414,N/A,N/A,0,-5,"NYSE","Basic Materials","Basic Materials/Agriculture","Common Stock",79.49454545,79.49454545
20110426,79.49454545,81.09818182,78.57818182,78.80727273,112,8826,N/A,N/A,0,-5,"NYSE","Basic Materials","Basic Materials/Agriculture","Common Stock",78.80727273,78.80727273
20110427,79.49454545,81.09818182,78.92181818,80.52545455,99,7972,N/A,N/A,0,-5,"NYSE","Basic Materials","Basic Materials/Agriculture","Common Stock",80.52545455,80.52545455
20110428,81.32727273,81.44181818,78.92181818,79.72363636,105,8371,N/A,N/A,0,-5,"NYSE","Basic Materials","Basic Materials/Agriculture","Common Stock",79.72363636,79.72363636
20110429,79.60909091,81.09818182,79.15090909,80.64000000,96,7741,N/A,N/A,0,-5,"NYSE","Basic Materials","Basic Materials/Agriculture","Common Stock",80.64000000,80.64000000
20110502,80.64000000,83.84727273,80.18181818,81.90000000,177,14496,N/A,N/A,0,-5,"NYSE","Basic Materials","Basic Materials/Agriculture","Common Stock",81.90000000,81.90000000
20110503,83.50363636,83.50363636,80.06727273,82.24363636,255,20972,N/A,N/A,0,-5,"NYSE","Basic Materials","Basic Materials/Agriculture","Common Stock",82.24363636,82.24363636
20110504,83.61818182,83.61818182,79.95272727,80.98363636,107,8665,N/A,N/A,0,-5,"NYSE","Basic Materials","Basic Materials/Agriculture","Common Stock",80.98363636,80.98363636
20110505,80.06727273,80.06727273,77.20363636,78.12000000,101,7890,N/A,N/A,0,-5,"NYSE","Basic Materials","Basic Materials/Agriculture","Common Stock",78.12000000,78.12000000
20110506,78.69272727,78.69272727,75.60000000,76.86000000,73,5611,N/A,N/A,0,-5,"NYSE","Basic Materials","Basic Materials/Agriculture","Common Stock",76.86000000,76.86000000
20110509,76.86000000,76.86000000,74.68363636,75.60000000,96,7258,N/A,N/A,0,-5,"NYSE","Basic Materials","Basic Materials/Agriculture","Common Stock",75.60000000,75.60000000
20110510,75.82909091,79.60909091,74.45454545,78.92181818,124,9786,N/A,N/A,0,-5,"NYSE","Basic Materials","Basic Materials/Agriculture","Common Stock",78.92181818,78.92181818
20110511,80.75454545,83.04545455,79.03636364,82.24363636,193,15873,N/A,N/A,0,-5,"NYSE","Basic Materials","Basic Materials/Agriculture","Common Stock",82.24363636,82.24363636
20110512,81.67090909,82.47272727,78.92181818,81.32727273,123,10003,N/A,N/A,0,-5,"NYSE","Basic Materials","Basic Materials/Agriculture","Common Stock",81.32727273,81.32727273
20110513,80.18181818,82.35818182,77.20363636,77.43272727,144,11150,N/A,N/A,0,-5,"NYSE","Basic Materials","Basic Materials/Agriculture","Common Stock",77.43272727,77.43272727
20110516,76.63090909,77.31818182,73.30909091,74.45454545,191,14221,N/A,N/A,0,-5,"NYSE","Basic Materials","Basic Materials/Agriculture","Common Stock",74.45454545,74.45454545
20110517,73.88181818,75.37090909,73.42363636,74.45454545,122,9083,N/A,N/A,0,-5,"NYSE","Basic Materials","Basic Materials/Agriculture","Common Stock",74.45454545,74.45454545
20110518,74.34000000,77.08909091,73.65272727,75.94363636,123,9341,N/A,N/A,0,-5,"NYSE","Basic Materials","Basic Materials/Agriculture","Common Stock",75.94363636,75.94363636
20110519,76.40181818,77.08909091,73.42363636,75.14181818,210,15780,N/A,N/A,0,-5,"NYSE","Basic Materials","Basic Materials/Agriculture","Common Stock",75.14181818,75.14181818
20110520,75.25636364,75.37090909,74.45454545,74.45454545,79,5882,N/A,N/A,0,-5,"NYSE","Basic Materials","Basic Materials/Agriculture","Common Stock",74.45454545,74.45454545
20110523,74.22545455,74.45454545,72.04909091,74.34000000,172,12786,N/A,N/A,0,-5,"NYSE","Basic Materials","Basic Materials/Agriculture","Common Stock",74.34000000,74.34000000
20110524,74.45454545,74.45454545,59.10545455,65.29090909,318,20763,N/A,N/A,0,-5,"NYSE","Basic Materials","Basic Materials/Agriculture","Common Stock",65.29090909,65.29090909
20110525,63.91636364,64.60363636,53.26363636,54.98181818,920,50583,N/A,N/A,0,-5,"NYSE","Basic Materials","Basic Materials/Agriculture","Common Stock",54.98181818,54.98181818
20110526,54.75272727,56.92909091,53.26363636,55.55454545,242,13444,N/A,N/A,0,-5,"NYSE","Basic Materials","Basic Materials/Agriculture","Common Stock",55.55454545,55.55454545
20110527,55.89818182,56.70000000,53.60727273,53.60727273,171,9167,N/A,N/A,0,-5,"NYSE","Basic Materials","Basic Materials/Agriculture","Common Stock",53.60727273,53.60727273
20110530,55.89818182,56.70000000,53.60727273,53.60727273,0,0,N/A,N/A,0,0,"NYSE","Basic Materials","Basic Materials/Agriculture","Common Stock",4.68000000,53.60727273
20110531,54.75272727,56.70000000,54.40909091,54.52363636,735,40075,N/A,N/A,0,-5,"NYSE","Basic Materials","Basic Materials/Agriculture","Common Stock",54.52363636,54.52363636
20110601,58.30363636,58.41818182,54.98181818,56.12727273,263,14761,N/A,N/A,0,-5,"NYSE","Basic Materials","Basic Materials/Agriculture","Common Stock",56.12727273,56.12727273
20110602,56.70000000,57.84545455,53.72181818,54.98181818,292,16055,N/A,N/A,0,-5,"NYSE","Basic Materials","Basic Materials/Agriculture","Common Stock",54.98181818,54.98181818
20110603,54.40909091,56.35636364,54.18000000,55.66909091,115,6402,N/A,N/A,0,-5,"NYSE","Basic Materials","Basic Materials/Agriculture","Common Stock",55.66909091,55.66909091
20110606,55.32545455,55.78363636,51.54545455,51.54545455,143,7371,N/A,N/A,0,-5,"NYSE","Basic Materials","Basic Materials/Agriculture","Common Stock",51.54545455,51.54545455
20110607,51.54545455,51.77454545,49.48363636,49.48363636,180,8907,N/A,N/A,0,-5,"NYSE","Basic Materials","Basic Materials/Agriculture","Common Stock",49.48363636,49.48363636
20110608,49.71272727,50.51454545,49.02545455,49.48363636,83,4107,N/A,N/A,0,-5,"NYSE","Basic Materials","Basic Materials/Agriculture","Common Stock",49.48363636,49.48363636
20110609,49.14000000,49.36909091,41.23636364,44.78727273,381,17064,N/A,N/A,0,-5,"NYSE","Basic Materials","Basic Materials/Agriculture","Common Stock",44.78727273,44.78727273
20110610,43.18363636,47.42181818,42.72545455,46.50545455,200,9301,N/A,N/A,0,-5,"NYSE","Basic Materials","Basic Materials/Agriculture","Common Stock",46.50545455,46.50545455
20110613,46.50545455,50.40000000,46.39090909,49.36909091,181,8936,N/A,N/A,0,-5,"NYSE","Basic Materials","Basic Materials/Agriculture","Common Stock",49.36909091,49.36909091
20110614,50.97272727,51.77454545,49.94181818,51.43090909,117,6017,N/A,N/A,0,-5,"NYSE","Basic Materials","Basic Materials/Agriculture","Common Stock",51.43090909,51.43090909
20110615,51.54545455,52.34727273,49.25454545,49.71272727,109,5419,N/A,N/A,0,-5,"NYSE","Basic Materials","Basic Materials/Agriculture","Common Stock",49.71272727,49.71272727
20110616,49.25454545,49.82727273,44.90181818,45.58909091,222,10121,N/A,N/A,0,-5,"NYSE","Basic Materials","Basic Materials/Agriculture","Common Stock",45.58909091,45.58909091
20110617,45.70363636,46.73454545,42.61090909,44.44363636,210,9333,N/A,N/A,0,-5,"NYSE","Basic Materials","Basic Materials/Agriculture","Common Stock",44.44363636,44.44363636
20110620,44.21454545,45.81818182,39.51818182,41.00727273,245,10047,N/A,N/A,0,-5,"NYSE","Basic Materials","Basic Materials/Agriculture","Common Stock",41.00727273,41.00727273
20110621,41.23636364,49.82727273,39.28909091,48.56727273,311,15104,N/A,N/A,0,-5,"NYSE","Basic Materials","Basic Materials/Agriculture","Common Stock",48.56727273,48.56727273
20110622,47.99454545,60.59454545,47.99454545,51.54545455,534,27525,N/A,N/A,0,-5,"NYSE","Basic Materials","Basic Materials/Agriculture","Common Stock",51.54545455,51.54545455
20110623,51.54545455,56.24181818,50.51454545,55.78363636,236,13165,N/A,N/A,0,-5,"NYSE","Basic Materials","Basic Materials/Agriculture","Common Stock",55.78363636,55.78363636
20110624,54.98181818,59.56363636,54.40909091,57.27272727,204,11684,N/A,N/A,0,-5,"NYSE","Basic Materials","Basic Materials/Agriculture","Common Stock",57.27272727,57.27272727
20110627,57.27272727,57.50181818,54.98181818,56.12727273,93,5220,N/A,N/A,0,-5,"NYSE","Basic Materials","Basic Materials/Agriculture","Common Stock",56.12727273,56.12727273
20110628,57.27272727,57.84545455,56.12727273,57.27272727,81,4639,N/A,N/A,0,-5,"NYSE","Basic Materials","Basic Materials/Agriculture","Common Stock",57.27272727,57.27272727
20110629,58.41818182,58.41818182,54.98181818,55.89818182,127,7099,N/A,N/A,0,-5,"NYSE","Basic Materials","Basic Materials/Agriculture","Common Stock",55.89818182,55.89818182
20110630,54.75272727,57.15818182,54.75272727,57.04363636,75,4278,N/A,N/A,0,-5,"NYSE","Basic Materials","Basic Materials/Agriculture","Common Stock",57.04363636,57.04363636
20110701,56.81454545,58.87636364,56.70000000,57.38727273,104,5968,N/A,N/A,0,-5,"NYSE","Basic Materials","Basic Materials/Agriculture","Common Stock",57.38727273,57.38727273
20110704,56.81454545,58.87636364,56.70000000,57.38727273,0,0,N/A,N/A,0,0,"NYSE","Basic Materials","Basic Materials/Agriculture","Common Stock",5.01000000,57.38727273
20110705,56.70000000,57.96000000,55.66909091,56.47090909,93,5252,N/A,N/A,0,-5,"NYSE","Basic Materials","Basic Materials/Agriculture","Common Stock",56.47090909,56.47090909
20110706,56.12727273,57.27272727,55.78363636,56.81454545,87,4943,N/A,N/A,0,-5,"NYSE","Basic Materials","Basic Materials/Agriculture","Common Stock",56.81454545,56.81454545
20110707,57.04363636,57.84545455,56.47090909,57.84545455,125,7231,N/A,N/A,0,-5,"NYSE","Basic Materials","Basic Materials/Agriculture","Common Stock",57.84545455,57.84545455
20110708,56.58545455,57.73090909,56.58545455,57.61636364,41,2362,N/A,N/A,0,-5,"NYSE","Basic Materials","Basic Materials/Agriculture","Common Stock",57.61636364,57.61636364
20110711,57.61636364,57.61636364,54.18000000,54.63818182,95,5191,N/A,N/A,0,-5,"NYSE","Basic Materials","Basic Materials/Agriculture","Common Stock",54.63818182,54.63818182
20110712,53.37818182,56.47090909,53.37818182,56.47090909,67,3784,N/A,N/A,0,-5,"NYSE","Basic Materials","Basic Materials/Agriculture","Common Stock",56.47090909,56.47090909
20110713,56.92909091,57.27272727,56.12727273,56.12727273,53,2975,N/A,N/A,0,-5,"NYSE","Basic Materials","Basic Materials/Agriculture","Common Stock",56.12727273,56.12727273
20110714,55.32545455,55.78363636,53.83636364,53.83636364,76,4092,N/A,N/A,0,-5,"NYSE","Basic Materials","Basic Materials/Agriculture","Common Stock",53.83636364,53.83636364
20110715,54.75272727,55.44000000,54.18000000,54.63818182,45,2459,N/A,N/A,0,-5,"NYSE","Basic Materials","Basic Materials/Agriculture","Common Stock",54.63818182,54.63818182
20110718,54.86727273,61.16727273,54.40909091,60.70909091,397,24102,N/A,N/A,0,-5,"NYSE","Basic Materials","Basic Materials/Agriculture","Common Stock",60.70909091,60.70909091
20110719,62.54181818,62.54181818,57.50181818,60.36545455,193,11651,N/A,N/A,0,-5,"NYSE","Basic Materials","Basic Materials/Agriculture","Common Stock",60.36545455,60.36545455
20110720,61.16727273,61.16727273,55.55454545,56.70000000,139,7881,N/A,N/A,0,-5,"NYSE","Basic Materials","Basic Materials/Agriculture","Common Stock",56.70000000,56.70000000
20110721,56.35636364,61.28181818,56.35636364,60.48000000,195,11794,N/A,N/A,0,-5,"NYSE","Basic Materials","Basic Materials/Agriculture","Common Stock",60.48000000,60.48000000
20110722,59.44909091,60.36545455,58.30363636,60.02181818,136,8163,N/A,N/A,0,-5,"NYSE","Basic Materials","Basic Materials/Agriculture","Common Stock",60.02181818,60.02181818
20110725,58.41818182,63.80181818,58.41818182,62.54181818,186,11633,N/A,N/A,0,-5,"NYSE","Basic Materials","Basic Materials/Agriculture","Common Stock",62.54181818,62.54181818
20110726,61.85454545,67.46727273,61.85454545,67.12363636,198,13290,N/A,N/A,0,-5,"NYSE","Basic Materials","Basic Materials/Agriculture","Common Stock",67.12363636,67.12363636
20110727,67.92545455,68.38363636,66.43636364,67.12363636,160,10740,N/A,N/A,0,-5,"NYSE","Basic Materials","Basic Materials/Agriculture","Common Stock",67.12363636,67.12363636
20110728,66.09272727,67.23818182,60.36545455,61.39636364,115,7061,N/A,N/A,0,-5,"NYSE","Basic Materials","Basic Materials/Agriculture","Common Stock",61.39636364,61.39636364
20110729,60.13636364,60.36545455,58.41818182,58.87636364,95,5593,N/A,N/A,0,-5,"NYSE","Basic Materials","Basic Materials/Agriculture","Common Stock",58.87636364,58.87636364
20110801,62.31272727,64.71818182,59.56363636,61.39636364,143,8780,N/A,N/A,0,-5,"NYSE","Basic Materials","Basic Materials/Agriculture","Common Stock",61.39636364,61.39636364
20110802,61.39636364,63.00000000,58.99090909,59.33454545,68,4035,N/A,N/A,0,-5,"NYSE","Basic Materials","Basic Materials/Agriculture","Common Stock",59.33454545,59.33454545
20110803,58.64727273,60.13636364,58.41818182,58.76181818,108,6346,N/A,N/A,0,-5,"NYSE","Basic Materials","Basic Materials/Agriculture","Common Stock",58.76181818,58.76181818
20110804,58.99090909,59.22000000,53.49272727,53.83636364,177,9529,N/A,N/A,0,-5,"NYSE","Basic Materials","Basic Materials/Agriculture","Common Stock",53.83636364,53.83636364
20110805,58.76181818,63.00000000,51.66000000,53.72181818,168,9025,N/A,N/A,0,-5,"NYSE","Basic Materials","Basic Materials/Agriculture","Common Stock",53.72181818,53.72181818
20110808,51.31636364,57.61636364,43.52727273,49.48363636,320,15835,N/A,N/A,0,-5,"NYSE","Basic Materials","Basic Materials/Agriculture","Common Stock",49.48363636,49.48363636
20110809,50.74363636,50.74363636,42.95454545,45.58909091,181,8252,N/A,N/A,0,-5,"NYSE","Basic Materials","Basic Materials/Agriculture","Common Stock",45.58909091,45.58909091
20110810,45.81818182,49.02545455,44.10000000,48.45272727,106,5136,N/A,N/A,0,-5,"NYSE","Basic Materials","Basic Materials/Agriculture","Common Stock",48.45272727,48.45272727
20110811,48.10909091,48.68181818,44.67272727,48.68181818,55,2678,N/A,N/A,0,-5,"NYSE","Basic Materials","Basic Materials/Agriculture","Common Stock",48.68181818,48.68181818
20110812,48.22363636,51.54545455,47.19272727,51.08727273,65,3321,N/A,N/A,0,-5,"NYSE","Basic Materials","Basic Materials/Agriculture","Common Stock",51.08727273,51.08727273
20110815,51.54545455,53.14909091,49.59818182,50.97272727,92,4689,N/A,N/A,0,-5,"NYSE","Basic Materials","Basic Materials/Agriculture","Common Stock",50.97272727,50.97272727
20110816,48.56727273,51.08727273,46.16181818,49.36909091,105,5184,N/A,N/A,0,-5,"NYSE","Basic Materials","Basic Materials/Agriculture","Common Stock",49.36909091,49.36909091
20110817,49.14000000,50.97272727,48.10909091,48.91090909,38,1859,N/A,N/A,0,-5,"NYSE","Basic Materials","Basic Materials/Agriculture","Common Stock",48.91090909,48.91090909
20110818,47.53636364,49.25454545,46.84909091,47.65090909,61,2907,N/A,N/A,0,-5,"NYSE","Basic Materials","Basic Materials/Agriculture","Common Stock",47.65090909,47.65090909
20110819,48.91090909,48.91090909,44.90181818,45.93272727,120,5512,N/A,N/A,0,-5,"NYSE","Basic Materials","Basic Materials/Agriculture","Common Stock",45.93272727,45.93272727
20110822,46.73454545,46.96363636,44.10000000,44.55818182,57,2540,N/A,N/A,0,-5,"NYSE","Basic Materials","Basic Materials/Agriculture","Common Stock",44.55818182,44.55818182
20110823,44.21454545,45.81818182,44.10000000,45.47454545,45,2046,N/A,N/A,0,-5,"NYSE","Basic Materials","Basic Materials/Agriculture","Common Stock",45.47454545,45.47454545
20110824,45.01636364,46.96363636,45.01636364,46.73454545,95,4440,N/A,N/A,0,-5,"NYSE","Basic Materials","Basic Materials/Agriculture","Common Stock",46.73454545,46.73454545
20110825,46.96363636,47.30727273,45.93272727,46.62000000,54,2517,N/A,N/A,0,-5,"NYSE","Basic Materials","Basic Materials/Agriculture","Common Stock",46.62000000,46.62000000
20110826,46.39090909,46.96363636,45.93272727,46.39090909,72,3340,N/A,N/A,0,-5,"NYSE","Basic Materials","Basic Materials/Agriculture","Common Stock",46.39090909,46.39090909
20110829,46.73454545,49.25454545,46.73454545,48.22363636,55,2652,N/A,N/A,0,-5,"NYSE","Basic Materials","Basic Materials/Agriculture","Common Stock",48.22363636,48.22363636
20110830,47.53636364,48.68181818,46.39090909,47.53636364,79,3755,N/A,N/A,0,-5,"NYSE","Basic Materials","Basic Materials/Agriculture","Common Stock",47.53636364,47.53636364
20110831,46.96363636,48.10909091,44.55818182,44.55818182,258,11496,N/A,N/A,0,-5,"NYSE","Basic Materials","Basic Materials/Agriculture","Common Stock",44.55818182,44.55818182
20110901,45.13090909,46.39090909,44.32909091,45.81818182,57,2612,N/A,N/A,0,-5,"NYSE","Basic Materials","Basic Materials/Agriculture","Common Stock",45.81818182,45.81818182
20110902,45.81818182,46.04727273,44.10000000,45.24545455,44,1991,N/A,N/A,0,-5,"NYSE","Basic Materials","Basic Materials/Agriculture","Common Stock",45.24545455,45.24545455
20110905,45.81818182,46.04727273,44.10000000,45.24545455,0,0,N/A,N/A,0,0,"NYSE","Basic Materials","Basic Materials/Agriculture","Common Stock",3.95000000,45.24545455
20110906,45.01636364,46.39090909,44.21454545,46.27636364,54,2499,N/A,N/A,0,-5,"NYSE","Basic Materials","Basic Materials/Agriculture","Common Stock",46.27636364,46.27636364
20110907,46.16181818,48.79636364,45.81818182,48.79636364,90,4392,N/A,N/A,0,-5,"NYSE","Basic Materials","Basic Materials/Agriculture","Common Stock",48.79636364,48.79636364
20110908,49.02545455,50.97272727,47.19272727,50.62909091,74,3747,N/A,N/A,0,-5,"NYSE","Basic Materials","Basic Materials/Agriculture","Common Stock",50.62909091,50.62909091
20110909,52.92000000,62.31272727,51.31636364,56.81454545,624,35452,N/A,N/A,0,-5,"NYSE","Basic Materials","Basic Materials/Agriculture","Common Stock",56.81454545,56.81454545
20110912,56.70000000,59.90727273,54.63818182,55.32545455,104,5754,N/A,N/A,0,-5,"NYSE","Basic Materials","Basic Materials/Agriculture","Common Stock",55.32545455,55.32545455
20110913,55.32545455,55.32545455,51.54545455,52.69090909,119,6270,N/A,N/A,0,-5,"NYSE","Basic Materials","Basic Materials/Agriculture","Common Stock",52.69090909,52.69090909
20110914,52.69090909,57.27272727,50.97272727,56.81454545,104,5909,N/A,N/A,0,-5,"NYSE","Basic Materials","Basic Materials/Agriculture","Common Stock",56.81454545,56.81454545
20110915,57.15818182,59.79272727,57.15818182,59.44909091,147,8739,N/A,N/A,0,-5,"NYSE","Basic Materials","Basic Materials/Agriculture","Common Stock",59.44909091,59.44909091
20110916,60.36545455,69.64363636,58.64727273,68.72727273,387,26597,N/A,N/A,0,-5,"NYSE","Basic Materials","Basic Materials/Agriculture","Common Stock",68.72727273,68.72727273
20110919,68.72727273,68.72727273,61.85454545,62.77090909,206,12931,N/A,N/A,0,-5,"NYSE","Basic Materials","Basic Materials/Agriculture","Common Stock",62.77090909,62.77090909
20110920,62.08363636,63.22909091,54.98181818,57.50181818,201,11558,N/A,N/A,0,-5,"NYSE","Basic Materials","Basic Materials/Agriculture","Common Stock",57.50181818,57.50181818
20110921,57.38727273,59.33454545,55.78363636,55.78363636,78,4351,N/A,N/A,0,-5,"NYSE","Basic Materials","Basic Materials/Agriculture","Common Stock",55.78363636,55.78363636
20110922,54.86727273,54.86727273,49.36909091,50.05636364,143,7158,N/A,N/A,0,-5,"NYSE","Basic Materials","Basic Materials/Agriculture","Common Stock",50.05636364,50.05636364
20110923,49.36909091,53.03454545,46.96363636,51.88909091,51,2646,N/A,N/A,0,-5,"NYSE","Basic Materials","Basic Materials/Agriculture","Common Stock",51.88909091,51.88909091
20110926,52.11818182,52.11818182,49.94181818,51.43090909,37,1903,N/A,N/A,0,-5,"NYSE","Basic Materials","Basic Materials/Agriculture","Common Stock",51.43090909,51.43090909
20110927,52.69090909,53.72181818,49.59818182,49.94181818,64,3196,N/A,N/A,0,-5,"NYSE","Basic Materials","Basic Materials/Agriculture","Common Stock",49.94181818,49.94181818
20110928,49.25454545,57.96000000,48.45272727,56.92909091,135,7685,N/A,N/A,0,-5,"NYSE","Basic Materials","Basic Materials/Agriculture","Common Stock",56.92909091,56.92909091
20110929,56.24181818,57.96000000,51.77454545,52.23272727,69,3604,N/A,N/A,0,-5,"NYSE","Basic Materials","Basic Materials/Agriculture","Common Stock",52.23272727,52.23272727
20110930,52.69090909,57.27272727,52.11818182,54.75272727,99,5421,N/A,N/A,0,-5,"NYSE","Basic Materials","Basic Materials/Agriculture","Common Stock",54.75272727,54.75272727
20111003,54.75272727,57.27272727,54.52363636,57.27272727,151,8648,N/A,N/A,0,-5,"NYSE","Basic Materials","Basic Materials/Agriculture","Common Stock",57.27272727,57.27272727
20111004,53.03454545,56.35636364,48.68181818,50.85818182,129,6561,N/A,N/A,0,-5,"NYSE","Basic Materials","Basic Materials/Agriculture","Common Stock",50.85818182,50.85818182
20111005,50.51454545,54.29454545,49.59818182,52.23272727,89,4649,N/A,N/A,0,-5,"NYSE","Basic Materials","Basic Materials/Agriculture","Common Stock",52.23272727,52.23272727
20111006,52.46181818,54.75272727,52.34727273,52.69090909,43,2266,N/A,N/A,0,-5,"NYSE","Basic Materials","Basic Materials/Agriculture","Common Stock",52.69090909,52.69090909
20111007,53.14909091,54.52363636,52.00363636,52.00363636,23,1196,N/A,N/A,0,-5,"NYSE","Basic Materials","Basic Materials/Agriculture","Common Stock",52.00363636,52.00363636
20111010,51.88909091,52.00363636,50.74363636,51.54545455,47,2423,N/A,N/A,0,-5,"NYSE","Basic Materials","Basic Materials/Agriculture","Common Stock",51.54545455,51.54545455
20111011,50.85818182,52.57636364,50.74363636,51.88909091,34,1764,N/A,N/A,0,-5,"NYSE","Basic Materials","Basic Materials/Agriculture","Common Stock",51.88909091,51.88909091
20111012,51.54545455,54.98181818,51.54545455,53.49272727,45,2407,N/A,N/A,0,-5,"NYSE","Basic Materials","Basic Materials/Agriculture","Common Stock",53.49272727,53.49272727
20111013,53.49272727,57.15818182,51.54545455,57.04363636,73,4164,N/A,N/A,0,-5,"NYSE","Basic Materials","Basic Materials/Agriculture","Common Stock",57.04363636,57.04363636
20111014,57.15818182,57.15818182,53.49272727,54.75272727,62,3395,N/A,N/A,0,-5,"NYSE","Basic Materials","Basic Materials/Agriculture","Common Stock",54.75272727,54.75272727
20111017,53.49272727,54.06545455,51.88909091,51.88909091,51,2646,N/A,N/A,0,-5,"NYSE","Basic Materials","Basic Materials/Agriculture","Common Stock",51.88909091,51.88909091
20111018,51.54545455,53.49272727,51.43090909,53.49272727,59,3156,N/A,N/A,0,-5,"NYSE","Basic Materials","Basic Materials/Agriculture","Common Stock",53.49272727,53.49272727
20111019,52.46181818,54.18000000,52.23272727,52.23272727,34,1776,N/A,N/A,0,-5,"NYSE","Basic Materials","Basic Materials/Agriculture","Common Stock",52.23272727,52.23272727
20111020,52.23272727,54.40909091,50.74363636,52.46181818,25,1312,N/A,N/A,0,-5,"NYSE","Basic Materials","Basic Materials/Agriculture","Common Stock",52.46181818,52.46181818
20111021,52.69090909,56.12727273,52.00363636,55.21090909,60,3313,N/A,N/A,0,-5,"NYSE","Basic Materials","Basic Materials/Agriculture","Common Stock",55.21090909,55.21090909
20111024,53.83636364,57.50181818,52.23272727,56.01272727,71,3977,N/A,N/A,0,-5,"NYSE","Basic Materials","Basic Materials/Agriculture","Common Stock",56.01272727,56.01272727
20111025,54.86727273,55.89818182,51.54545455,52.00363636,66,3432,N/A,N/A,0,-5,"NYSE","Basic Materials","Basic Materials/Agriculture","Common Stock",52.00363636,52.00363636
20111026,52.57636364,54.75272727,52.57636364,53.83636364,65,3499,N/A,N/A,0,-5,"NYSE","Basic Materials","Basic Materials/Agriculture","Common Stock",53.83636364,53.83636364
20111027,55.21090909,56.70000000,44.10000000,49.25454545,623,30686,N/A,N/A,0,-5,"NYSE","Basic Materials","Basic Materials/Agriculture","Common Stock",49.25454545,49.25454545
20111028,46.84909091,48.10909091,44.21454545,47.07818182,352,16572,N/A,N/A,0,-5,"NYSE","Basic Materials","Basic Materials/Agriculture","Common Stock",47.07818182,47.07818182
20111031,44.67272727,46.96363636,44.67272727,46.27636364,132,6108,N/A,N/A,0,-5,"NYSE","Basic Materials","Basic Materials/Agriculture","Common Stock",46.27636364,46.27636364
20111101,44.67272727,45.81818182,44.67272727,45.36000000,152,6895,N/A,N/A,0,-5,"NYSE","Basic Materials","Basic Materials/Agriculture","Common Stock",45.36000000,45.36000000
20111102,44.67272727,46.27636364,44.67272727,45.81818182,99,4536,N/A,N/A,0,-5,"NYSE","Basic Materials","Basic Materials/Agriculture","Common Stock",45.81818182,45.81818182
20111103,45.24545455,46.16181818,44.67272727,45.58909091,184,8388,N/A,N/A,0,-5,"NYSE","Basic Materials","Basic Materials/Agriculture","Common Stock",45.58909091,45.58909091
20111104,44.78727273,45.81818182,44.67272727,45.58909091,96,4377,N/A,N/A,107229,26942,"NYSE","Basic Materials","Basic Materials/Agriculture","Common Stock",45.58909091,45.58909091
20111107,45.24545455,45.70363636,44.78727273,45.13090909,109,4919,N/A,N/A,106151,26942,"NYSE","Basic Materials","Basic Materials/Agriculture","Common Stock",45.13090909,45.13090909
20111108,44.78727273,45.58909091,44.67272727,45.24545455,177,8008,N/A,N/A,106420,26942,"NYSE","Basic Materials","Basic Materials/Agriculture","Common Stock",45.24545455,45.24545455
20111109,46.96363636,46.96363636,45.24545455,45.81818182,230,10538,N/A,N/A,107767,26942,"NYSE","Basic Materials","Basic Materials/Agriculture","Common Stock",45.81818182,45.81818182
20111110,47.42181818,50.97272727,46.39090909,50.97272727,515,26251,N/A,N/A,119891,26942,"NYSE","Basic Materials","Basic Materials/Agriculture","Common Stock",50.97272727,50.97272727
20111111,50.28545455,50.85818182,47.53636364,48.10909091,163,7842,N/A,N/A,113156,26942,"NYSE","Basic Materials","Basic Materials/Agriculture","Common Stock",48.10909091,48.10909091
20111114,47.76545455,47.76545455,45.81818182,46.50545455,131,6092,N/A,N/A,109384,26942,"NYSE","Basic Materials","Basic Materials/Agriculture","Common Stock",46.50545455,46.50545455
20111115,45.93272727,46.96363636,45.24545455,45.47454545,107,4866,N/A,N/A,106959,26942,"NYSE","Basic Materials","Basic Materials/Agriculture","Common Stock",45.47454545,45.47454545
20111116,45.81818182,46.62000000,45.36000000,45.93272727,59,2710,N/A,N/A,108037,26942,"NYSE","Basic Materials","Basic Materials/Agriculture","Common Stock",45.93272727,45.93272727
20111117,45.93272727,46.39090909,45.24545455,45.24545455,137,6199,N/A,N/A,106420,26942,"NYSE","Basic Materials","Basic Materials/Agriculture","Common Stock",45.24545455,45.24545455
20111118,44.90181818,45.13090909,44.32909091,44.32909091,125,5541,N/A,N/A,104265,26942,"NYSE","Basic Materials","Basic Materials/Agriculture","Common Stock",44.32909091,44.32909091
20111121,44.10000000,44.32909091,41.80909091,42.49636364,125,5312,N/A,N/A,99954,26942,"NYSE","Basic Materials","Basic Materials/Agriculture","Common Stock",42.49636364,42.49636364
20111122,39.63272727,39.63272727,35.50909091,37.11272727,353,13101,N/A,N/A,87292,26942,"NYSE","Basic Materials","Basic Materials/Agriculture","Common Stock",37.11272727,37.11272727
20111123,37.11272727,39.06000000,36.19636364,37.11272727,95,3526,N/A,N/A,87292,26942,"NYSE","Basic Materials","Basic Materials/Agriculture","Common Stock",37.11272727,37.11272727
20111124,37.11272727,39.06000000,36.19636364,37.11272727,0,0,N/A,N/A,0,0,"NYSE","Basic Materials","Basic Materials/Agriculture","Common Stock",3.24000000,37.11272727
20111125,36.42545455,37.34181818,36.42545455,36.99818182,30,1110,N/A,N/A,87022,26942,"NYSE","Basic Materials","Basic Materials/Agriculture","Common Stock",36.99818182,36.99818182
20111128,36.99818182,39.06000000,36.99818182,38.37272727,126,4835,N/A,N/A,90255,26942,"NYSE","Basic Materials","Basic Materials/Agriculture","Common Stock",38.37272727,38.37272727
20111129,38.71636364,39.28909091,38.71636364,38.71636364,126,4878,N/A,N/A,91063,26942,"NYSE","Basic Materials","Basic Materials/Agriculture","Common Stock",38.71636364,38.71636364
20111130,39.40363636,39.51818182,37.22727273,37.57090909,188,7063,N/A,N/A,88369,26942,"NYSE","Basic Materials","Basic Materials/Agriculture","Common Stock",37.57090909,37.57090909
20111201,37.68545455,39.28909091,37.68545455,38.83090909,96,3728,N/A,N/A,91333,26942,"NYSE","Basic Materials","Basic Materials/Agriculture","Common Stock",38.83090909,38.83090909
20111202,38.94545455,39.40363636,37.45636364,38.37272727,98,3761,N/A,N/A,90255,26942,"NYSE","Basic Materials","Basic Materials/Agriculture","Common Stock",38.37272727,38.37272727
20111205,38.48727273,39.17454545,36.99818182,37.57090909,134,5035,N/A,N/A,88369,26942,"NYSE","Basic Materials","Basic Materials/Agriculture","Common Stock",37.57090909,37.57090909
20111206,36.99818182,37.57090909,36.76909091,37.11272727,66,2449,N/A,N/A,87292,26942,"NYSE","Basic Materials","Basic Materials/Agriculture","Common Stock",37.11272727,37.11272727
20111207,36.99818182,37.22727273,35.62363636,36.08181818,135,4871,N/A,N/A,84867,26942,"NYSE","Basic Materials","Basic Materials/Agriculture","Common Stock",36.08181818,36.08181818
20111208,36.19636364,36.19636364,34.59272727,34.59272727,157,5431,N/A,N/A,81364,26942,"NYSE","Basic Materials","Basic Materials/Agriculture","Common Stock",34.59272727,34.59272727
20111209,34.47818182,35.50909091,33.21818182,34.24909091,255,8734,N/A,N/A,80556,26942,"NYSE","Basic Materials","Basic Materials/Agriculture","Common Stock",34.24909091,34.24909091
20111212,34.36363636,37.11272727,34.36363636,35.16545455,150,5275,N/A,N/A,82712,26942,"NYSE","Basic Materials","Basic Materials/Agriculture","Common Stock",35.16545455,35.16545455
20111213,35.73818182,37.22727273,35.73818182,36.08181818,137,4943,N/A,N/A,84867,26942,"NYSE","Basic Materials","Basic Materials/Agriculture","Common Stock",36.08181818,36.08181818
20111214,35.73818182,35.73818182,32.98909091,34.02000000,116,3946,N/A,N/A,80017,26942,"NYSE","Basic Materials","Basic Materials/Agriculture","Common Stock",34.02000000,34.02000000
20111215,34.13454545,34.70727273,33.21818182,33.90545455,71,2407,N/A,N/A,79748,26942,"NYSE","Basic Materials","Basic Materials/Agriculture","Common Stock",33.90545455,33.90545455
20111216,33.90545455,34.93636364,33.79090909,34.59272727,84,2906,N/A,N/A,81364,26942,"NYSE","Basic Materials","Basic Materials/Agriculture","Common Stock",34.59272727,34.59272727
20111219,33.90545455,34.59272727,33.90545455,34.24909091,133,4555,N/A,N/A,80556,26942,"NYSE","Basic Materials","Basic Materials/Agriculture","Common Stock",34.24909091,34.24909091
20111220,33.79090909,34.13454545,32.30181818,33.44727273,125,4181,N/A,N/A,78670,26942,"NYSE","Basic Materials","Basic Materials/Agriculture","Common Stock",33.44727273,33.44727273
20111221,33.90545455,33.90545455,31.95818182,32.98909091,105,3464,N/A,N/A,77593,26942,"NYSE","Basic Materials","Basic Materials/Agriculture","Common Stock",32.98909091,32.98909091
20111222,32.07272727,34.13454545,31.61454545,34.02000000,121,4116,N/A,N/A,80017,26942,"NYSE","Basic Materials","Basic Materials/Agriculture","Common Stock",34.02000000,34.02000000
20111223,32.41636364,33.67636364,32.41636364,32.53090909,119,3871,N/A,N/A,76515,26942,"NYSE","Basic Materials","Basic Materials/Agriculture","Common Stock",32.53090909,32.53090909
20111226,32.41636364,33.67636364,32.41636364,32.53090909,0,0,N/A,N/A,0,0,"NYSE","Basic Materials","Basic Materials/Agriculture","Common Stock",2.84000000,32.53090909
20111227,31.72909091,32.30181818,30.92727273,32.30181818,487,15731,N/A,N/A,75976,26942,"NYSE","Basic Materials","Basic Materials/Agriculture","Common Stock",32.30181818,32.30181818
20111228,31.84363636,31.84363636,29.89636364,31.38545455,166,5210,N/A,N/A,73821,26942,"NYSE","Basic Materials","Basic Materials/Agriculture","Common Stock",31.38545455,31.38545455
20111229,30.35454545,33.10363636,30.01090909,32.41636364,182,5900,N/A,N/A,76245,26942,"NYSE","Basic Materials","Basic Materials/Agriculture","Common Stock",32.41636364,32.41636364
20111230,33.67636364,34.47818182,31.50000000,34.36363636,231,7938,N/A,N/A,80826,26942,"NYSE","Basic Materials","Basic Materials/Agriculture","Common Stock",34.36363636,34.36363636
20120102,33.67636364,34.47818182,31.50000000,34.36363636,0,0,N/A,N/A,0,0,"NYSE","Basic Materials","Basic Materials/Agriculture","Common Stock",3.00000000,34.36363636
20120103,34.36363636,37.80000000,34.36363636,37.45636364,190,7117,N/A,N/A,88100,26942,"NYSE","Basic Materials","Basic Materials/Agriculture","Common Stock",37.45636364,37.45636364
20120104,37.80000000,38.94545455,36.65454545,38.94545455,107,4167,N/A,N/A,91602,26942,"NYSE","Basic Materials","Basic Materials/Agriculture","Common Stock",38.94545455,38.94545455
20120105,39.40363636,39.40363636,37.45636364,39.17454545,109,4270,N/A,N/A,92141,26942,"NYSE","Basic Materials","Basic Materials/Agriculture","Common Stock",39.17454545,39.17454545
20120106,38.94545455,39.28909091,37.57090909,39.17454545,79,3095,N/A,N/A,92141,26942,"NYSE","Basic Materials","Basic Materials/Agriculture","Common Stock",39.17454545,39.17454545
20120109,39.51818182,40.89272727,38.48727273,39.51818182,141,5572,N/A,N/A,92949,26942,"NYSE","Basic Materials","Basic Materials/Agriculture","Common Stock",39.51818182,39.51818182
20120110,39.51818182,42.38181818,39.51818182,42.15272727,115,4848,N/A,N/A,99146,26942,"NYSE","Basic Materials","Basic Materials/Agriculture","Common Stock",42.15272727,42.15272727
20120111,41.92363636,47.42181818,41.92363636,46.62000000,211,9837,N/A,N/A,109653,26942,"NYSE","Basic Materials","Basic Materials/Agriculture","Common Stock",46.62000000,46.62000000
20120112,46.96363636,48.91090909,45.36000000,45.47454545,222,10095,N/A,N/A,106959,26942,"NYSE","Basic Materials","Basic Materials/Agriculture","Common Stock",45.47454545,45.47454545
20120113,46.96363636,46.96363636,42.72545455,43.06909091,161,6934,N/A,N/A,101301,26942,"NYSE","Basic Materials","Basic Materials/Agriculture","Common Stock",43.06909091,43.06909091
20120116,46.96363636,46.96363636,42.72545455,43.06909091,0,0,N/A,N/A,0,0,"NYSE","Basic Materials","Basic Materials/Agriculture","Common Stock",3.76000000,43.06909091
20120117,43.29818182,44.21454545,41.80909091,42.95454545,179,7689,N/A,N/A,101032,26942,"NYSE","Basic Materials","Basic Materials/Agriculture","Common Stock",42.95454545,42.95454545
20120118,42.38181818,45.81818182,41.58000000,44.90181818,164,7364,N/A,N/A,105612,26942,"NYSE","Basic Materials","Basic Materials/Agriculture","Common Stock",44.90181818,44.90181818
20120119,45.70363636,46.84909091,45.36000000,46.16181818,87,4016,N/A,N/A,108576,26942,"NYSE","Basic Materials","Basic Materials/Agriculture","Common Stock",46.16181818,46.16181818
20120120,46.73454545,48.33818182,46.50545455,48.22363636,135,6510,N/A,N/A,113425,26942,"NYSE","Basic Materials","Basic Materials/Agriculture","Common Stock",48.22363636,48.22363636
20120123,47.99454545,48.79636364,46.96363636,48.45272727,129,6250,N/A,N/A,113964,26942,"NYSE","Basic Materials","Basic Materials/Agriculture","Common Stock",48.45272727,48.45272727
20120124,48.22363636,49.14000000,47.53636364,48.68181818,70,3408,N/A,N/A,114503,26942,"NYSE","Basic Materials","Basic Materials/Agriculture","Common Stock",48.68181818,48.68181818
20120125,48.33818182,50.74363636,48.10909091,50.28545455,142,7141,N/A,N/A,118275,26942,"NYSE","Basic Materials","Basic Materials/Agriculture","Common Stock",50.28545455,50.28545455
20120126,50.28545455,53.60727273,49.36909091,52.46181818,151,7922,N/A,N/A,123394,26942,"NYSE","Basic Materials","Basic Materials/Agriculture","Common Stock",52.46181818,52.46181818
20120127,52.69090909,52.80545455,49.82727273,52.34727273,101,5287,N/A,N/A,123124,26942,"NYSE","Basic Materials","Basic Materials/Agriculture","Common Stock",52.34727273,52.34727273
20120130,51.66000000,52.69090909,51.54545455,52.23272727,60,3134,N/A,N/A,122855,26942,"NYSE","Basic Materials","Basic Materials/Agriculture","Common Stock",52.23272727,52.23272727
20120131,52.00363636,52.92000000,50.28545455,51.08727273,140,7152,N/A,N/A,120161,26942,"NYSE","Basic Materials","Basic Materials/Agriculture","Common Stock",51.08727273,51.08727273
20120201,50.74363636,50.97272727,48.10909091,48.68181818,149,7254,N/A,N/A,114503,26942,"NYSE","Basic Materials","Basic Materials/Agriculture","Common Stock",48.68181818,48.68181818
20120202,48.22363636,50.17090909,48.10909091,49.25454545,125,6157,N/A,N/A,115850,26942,"NYSE","Basic Materials","Basic Materials/Agriculture","Common Stock",49.25454545,49.25454545
20120203,49.25454545,50.74363636,47.99454545,49.25454545,170,8373,N/A,N/A,115850,26942,"NYSE","Basic Materials","Basic Materials/Agriculture","Common Stock",49.25454545,49.25454545
20120206,49.02545455,51.88909091,48.68181818,50.74363636,66,3349,N/A,N/A,119352,26942,"NYSE","Basic Materials","Basic Materials/Agriculture","Common Stock",50.74363636,50.74363636
20120207,50.97272727,51.54545455,50.40000000,51.08727273,101,5160,N/A,N/A,120161,26942,"NYSE","Basic Materials","Basic Materials/Agriculture","Common Stock",51.08727273,51.08727273
20120208,51.54545455,54.40909091,50.28545455,52.80545455,441,23287,N/A,N/A,124202,26942,"NYSE","Basic Materials","Basic Materials/Agriculture","Common Stock",52.80545455,52.80545455
20120209,53.83636364,54.40909091,52.11818182,54.40909091,262,14255,N/A,N/A,127974,26942,"NYSE","Basic Materials","Basic Materials/Agriculture","Common Stock",54.40909091,54.40909091
20120210,54.29454545,54.40909091,52.69090909,54.40909091,265,14418,N/A,N/A,127974,26942,"NYSE","Basic Materials","Basic Materials/Agriculture","Common Stock",54.40909091,54.40909091
20120213,54.40909091,54.40909091,51.54545455,52.11818182,228,11883,N/A,N/A,122585,26942,"NYSE","Basic Materials","Basic Materials/Agriculture","Common Stock",52.11818182,52.11818182
20120214,51.77454545,51.88909091,45.93272727,48.33818182,239,11553,N/A,N/A,113695,26942,"NYSE","Basic Materials","Basic Materials/Agriculture","Common Stock",48.33818182,48.33818182
20120215,48.10909091,49.25454545,46.50545455,49.02545455,139,6815,N/A,N/A,115311,26942,"NYSE","Basic Materials","Basic Materials/Agriculture","Common Stock",49.02545455,49.02545455
20120216,49.02545455,49.02545455,46.73454545,47.99454545,91,4368,N/A,N/A,112886,26942,"NYSE","Basic Materials","Basic Materials/Agriculture","Common Stock",47.99454545,47.99454545
20120217,47.53636364,49.36909091,46.73454545,48.68181818,165,8033,N/A,N/A,114503,26942,"NYSE","Basic Materials","Basic Materials/Agriculture","Common Stock",48.68181818,48.68181818
20120220,47.53636364,49.36909091,46.73454545,48.68181818,0,0,N/A,N/A,0,0,"NYSE","Basic Materials","Basic Materials/Agriculture","Common Stock",4.25000000,48.68181818
20120221,48.68181818,50.51454545,48.33818182,49.82727273,73,3637,N/A,N/A,117197,26942,"NYSE","Basic Materials","Basic Materials/Agriculture","Common Stock",49.82727273,49.82727273
20120222,49.14000000,52.69090909,49.14000000,52.23272727,79,4126,N/A,N/A,122855,26942,"NYSE","Basic Materials","Basic Materials/Agriculture","Common Stock",52.23272727,52.23272727
20120223,52.57636364,52.57636364,51.54545455,52.46181818,90,4722,N/A,N/A,123394,26942,"NYSE","Basic Materials","Basic Materials/Agriculture","Common Stock",52.46181818,52.46181818
20120224,52.11818182,53.14909091,51.66000000,52.23272727,49,2559,N/A,N/A,122855,26942,"NYSE","Basic Materials","Basic Materials/Agriculture","Common Stock",52.23272727,52.23272727
20120227,51.43090909,51.43090909,47.53636364,49.25454545,140,6896,N/A,N/A,115850,26942,"NYSE","Basic Materials","Basic Materials/Agriculture","Common Stock",49.25454545,49.25454545
20120228,48.68181818,52.46181818,46.50545455,52.34727273,236,12354,N/A,N/A,123124,26942,"NYSE","Basic Materials","Basic Materials/Agriculture","Common Stock",52.34727273,52.34727273
20120229,52.69090909,53.14909091,48.56727273,48.56727273,136,6605,N/A,N/A,114233,26942,"NYSE","Basic Materials","Basic Materials/Agriculture","Common Stock",48.56727273,48.56727273
20120301,48.68181818,49.71272727,48.10909091,48.10909091,89,4282,N/A,N/A,113156,26942,"NYSE","Basic Materials","Basic Materials/Agriculture","Common Stock",48.10909091,48.10909091
20120302,48.10909091,48.68181818,47.07818182,47.53636364,52,2472,N/A,N/A,111809,26942,"NYSE","Basic Materials","Basic Materials/Agriculture","Common Stock",47.53636364,47.53636364
20120305,47.76545455,49.82727273,46.96363636,47.76545455,70,3344,N/A,N/A,112348,26942,"NYSE","Basic Materials","Basic Materials/Agriculture","Common Stock",47.76545455,47.76545455
20120306,47.19272727,48.33818182,45.01636364,45.81818182,94,4307,N/A,N/A,107767,26942,"NYSE","Basic Materials","Basic Materials/Agriculture","Common Stock",45.81818182,45.81818182
20120307,45.36000000,47.76545455,44.78727273,47.07818182,75,3531,N/A,N/A,110731,26942,"NYSE","Basic Materials","Basic Materials/Agriculture","Common Stock",47.07818182,47.07818182
20120308,48.33818182,51.20181818,48.33818182,50.51454545,146,7375,N/A,N/A,118814,26942,"NYSE","Basic Materials","Basic Materials/Agriculture","Common Stock",50.51454545,50.51454545
20120309,50.28545455,52.34727273,50.17090909,51.54545455,63,3247,N/A,N/A,121238,26942,"NYSE","Basic Materials","Basic Materials/Agriculture","Common Stock",51.54545455,51.54545455
20120312,51.54545455,51.54545455,50.40000000,50.62909091,33,1671,N/A,N/A,119083,26942,"NYSE","Basic Materials","Basic Materials/Agriculture","Common Stock",50.62909091,50.62909091
20120313,50.40000000,50.40000000,47.99454545,49.82727273,87,4335,N/A,N/A,117197,26942,"NYSE","Basic Materials","Basic Materials/Agriculture","Common Stock",49.82727273,49.82727273
20120314,49.59818182,50.40000000,48.68181818,49.94181818,44,2197,N/A,N/A,117467,26942,"NYSE","Basic Materials","Basic Materials/Agriculture","Common Stock",49.94181818,49.94181818
20120315,49.94181818,50.85818182,49.14000000,50.62909091,86,4354,N/A,N/A,119083,26942,"NYSE","Basic Materials","Basic Materials/Agriculture","Common Stock",50.62909091,50.62909091
20120316,50.28545455,50.51454545,48.56727273,48.56727273,53,2574,N/A,N/A,114233,26942,"NYSE","Basic Materials","Basic Materials/Agriculture","Common Stock",48.56727273,48.56727273
20120319,48.10909091,49.25454545,47.88000000,48.79636364,70,3416,N/A,N/A,114772,26942,"NYSE","Basic Materials","Basic Materials/Agriculture","Common Stock",48.79636364,48.79636364
20120320,48.10909091,49.02545455,47.53636364,48.91090909,77,3766,N/A,N/A,115042,26942,"NYSE","Basic Materials","Basic Materials/Agriculture","Common Stock",48.91090909,48.91090909
20120321,48.68181818,50.97272727,48.45272727,50.74363636,161,8170,N/A,N/A,119352,26942,"NYSE","Basic Materials","Basic Materials/Agriculture","Common Stock",50.74363636,50.74363636
20120322,49.94181818,50.62909091,48.10909091,48.33818182,71,3432,N/A,N/A,113695,26942,"NYSE","Basic Materials","Basic Materials/Agriculture","Common Stock",48.33818182,48.33818182
20120323,48.10909091,49.14000000,47.53636364,48.91090909,66,3228,N/A,N/A,115042,26942,"NYSE","Basic Materials","Basic Materials/Agriculture","Common Stock",48.91090909,48.91090909
20120326,49.02545455,50.05636364,48.79636364,49.59818182,64,3174,N/A,N/A,116658,26942,"NYSE","Basic Materials","Basic Materials/Agriculture","Common Stock",49.59818182,49.59818182
20120327,49.82727273,50.62909091,49.36909091,50.62909091,131,6632,N/A,N/A,119083,26942,"NYSE","Basic Materials","Basic Materials/Agriculture","Common Stock",50.62909091,50.62909091
20120328,50.51454545,50.62909091,49.94181818,50.62909091,68,3443,N/A,N/A,119083,26942,"NYSE","Basic Materials","Basic Materials/Agriculture","Common Stock",50.62909091,50.62909091
20120329,50.62909091,50.62909091,48.79636364,49.82727273,45,2242,N/A,N/A,117197,26942,"NYSE","Basic Materials","Basic Materials/Agriculture","Common Stock",49.82727273,49.82727273
20120330,49.14000000,49.59818182,48.22363636,49.25454545,110,5418,N/A,N/A,115850,26942,"NYSE","Basic Materials","Basic Materials/Agriculture","Common Stock",49.25454545,49.25454545
20120402,49.14000000,51.54545455,48.79636364,50.97272727,152,7748,N/A,N/A,119891,26942,"NYSE","Basic Materials","Basic Materials/Agriculture","Common Stock",50.97272727,50.97272727
20120403,50.62909091,51.54545455,50.05636364,50.97272727,167,8512,N/A,N/A,119891,26942,"NYSE","Basic Materials","Basic Materials/Agriculture","Common Stock",50.97272727,50.97272727
20120404,49.82727273,50.05636364,48.22363636,49.82727273,119,5929,N/A,N/A,117197,26942,"NYSE","Basic Materials","Basic Materials/Agriculture","Common Stock",49.82727273,49.82727273
20120405,49.14000000,49.94181818,48.10909091,49.25454545,77,3793,N/A,N/A,115850,26942,"NYSE","Basic Materials","Basic Materials/Agriculture","Common Stock",49.25454545,49.25454545
20120406,49.14000000,49.94181818,48.10909091,49.25454545,0,0,N/A,N/A,0,0,"NYSE","Basic Materials","Basic Materials/Agriculture","Common Stock",4.30000000,49.25454545
20120409,47.88000000,48.56727273,47.19272727,47.19272727,111,5238,N/A,N/A,111000,26942,"NYSE","Basic Materials","Basic Materials/Agriculture","Common Stock",47.19272727,47.19272727
20120410,46.96363636,49.02545455,46.96363636,48.10909091,114,5484,N/A,N/A,113156,26942,"NYSE","Basic Materials","Basic Materials/Agriculture","Common Stock",48.10909091,48.10909091
20120411,48.22363636,49.14000000,47.76545455,48.33818182,31,1498,N/A,N/A,113695,26942,"NYSE","Basic Materials","Basic Materials/Agriculture","Common Stock",48.33818182,48.33818182
20120412,47.99454545,49.82727273,47.99454545,49.82727273,107,5332,N/A,N/A,117197,26942,"NYSE","Basic Materials","Basic Materials/Agriculture","Common Stock",49.82727273,49.82727273
20120413,49.14000000,49.59818182,47.42181818,47.76545455,32,1528,N/A,N/A,112348,26942,"NYSE","Basic Materials","Basic Materials/Agriculture","Common Stock",47.76545455,47.76545455
20120416,48.68181818,48.91090909,47.76545455,48.56727273,34,1651,N/A,N/A,114233,26942,"NYSE","Basic Materials","Basic Materials/Agriculture","Common Stock",48.56727273,48.56727273
20120417,48.56727273,49.82727273,48.56727273,49.14000000,75,3686,N/A,N/A,115581,26942,"NYSE","Basic Materials","Basic Materials/Agriculture","Common Stock",49.14000000,49.14000000
20120418,49.25454545,49.59818182,48.33818182,49.02545455,42,2059,N/A,N/A,115311,26942,"NYSE","Basic Materials","Basic Materials/Agriculture","Common Stock",49.02545455,49.02545455
20120419,48.91090909,49.48363636,48.33818182,49.48363636,37,1831,N/A,N/A,116389,26942,"NYSE","Basic Materials","Basic Materials/Agriculture","Common Stock",49.48363636,49.48363636
20120420,49.59818182,49.59818182,48.22363636,49.02545455,24,1177,N/A,N/A,115311,26942,"NYSE","Basic Materials","Basic Materials/Agriculture","Common Stock",49.02545455,49.02545455
20120423,48.22363636,48.22363636,46.96363636,47.07818182,57,2683,N/A,N/A,110731,26942,"NYSE","Basic Materials","Basic Materials/Agriculture","Common Stock",47.07818182,47.07818182
20120424,47.19272727,49.02545455,46.84909091,49.02545455,41,2010,N/A,N/A,115311,26942,"NYSE","Basic Materials","Basic Materials/Agriculture","Common Stock",49.02545455,49.02545455
20120425,48.68181818,49.14000000,47.76545455,47.76545455,41,1958,N/A,N/A,112348,26942,"NYSE","Basic Materials","Basic Materials/Agriculture","Common Stock",47.76545455,47.76545455
20120426,48.79636364,48.79636364,48.10909091,48.33818182,43,2079,N/A,N/A,113695,26942,"NYSE","Basic Materials","Basic Materials/Agriculture","Common Stock",48.33818182,48.33818182
20120427,48.45272727,48.45272727,47.42181818,47.76545455,31,1481,N/A,N/A,112348,26942,"NYSE","Basic Materials","Basic Materials/Agriculture","Common Stock",47.76545455,47.76545455
20120430,47.07818182,48.10909091,47.07818182,47.53636364,40,1901,N/A,N/A,111809,26942,"NYSE","Basic Materials","Basic Materials/Agriculture","Common Stock",47.53636364,47.53636364
20120501,47.53636364,47.65090909,45.93272727,46.39090909,67,3108,N/A,N/A,109393,27011,"NYSE","Basic Materials","Basic Materials/Agriculture","Common Stock",46.39090909,46.39090909
20120502,45.58909091,46.39090909,45.36000000,45.81818182,43,1970,N/A,N/A,108043,27011,"NYSE","Basic Materials","Basic Materials/Agriculture","Common Stock",45.81818182,45.81818182
20120503,46.16181818,46.62000000,45.81818182,45.93272727,40,1837,N/A,N/A,108313,27011,"NYSE","Basic Materials","Basic Materials/Agriculture","Common Stock",45.93272727,45.93272727
20120504,45.70363636,48.10909091,45.70363636,47.42181818,125,5928,N/A,N/A,111824,27011,"NYSE","Basic Materials","Basic Materials/Agriculture","Common Stock",47.42181818,47.42181818
20120507,47.88000000,48.45272727,46.04727273,46.16181818,103,4755,N/A,N/A,108853,27011,"NYSE","Basic Materials","Basic Materials/Agriculture","Common Stock",46.16181818,46.16181818
20120508,45.70363636,46.84909091,45.13090909,45.13090909,62,2798,N/A,N/A,106422,27011,"NYSE","Basic Materials","Basic Materials/Agriculture","Common Stock",45.13090909,45.13090909
20120509,45.13090909,45.70363636,43.29818182,44.32909091,54,2394,N/A,N/A,104531,27011,"NYSE","Basic Materials","Basic Materials/Agriculture","Common Stock",44.32909091,44.32909091
20120510,44.10000000,44.55818182,42.95454545,43.75636364,67,2932,N/A,N/A,103181,27011,"NYSE","Basic Materials","Basic Materials/Agriculture","Common Stock",43.75636364,43.75636364
20120511,43.64181818,44.10000000,42.49636364,43.18363636,33,1425,N/A,N/A,101830,27011,"NYSE","Basic Materials","Basic Materials/Agriculture","Common Stock",43.18363636,43.18363636
20120514,42.26727273,42.26727273,38.25818182,38.37272727,103,3952,N/A,N/A,90486,27011,"NYSE","Basic Materials","Basic Materials/Agriculture","Common Stock",38.37272727,38.37272727
20120515,38.14363636,39.28909091,36.76909091,38.71636364,59,2284,N/A,N/A,91296,27011,"NYSE","Basic Materials","Basic Materials/Agriculture","Common Stock",38.71636364,38.71636364
20120516,38.14363636,38.83090909,37.22727273,37.22727273,77,2866,N/A,N/A,87785,27011,"NYSE","Basic Materials","Basic Materials/Agriculture","Common Stock",37.22727273,37.22727273
20120517,37.45636364,37.45636364,37.22727273,37.22727273,50,1861,N/A,N/A,87785,27011,"NYSE","Basic Materials","Basic Materials/Agriculture","Common Stock",37.22727273,37.22727273
20120518,37.11272727,37.57090909,36.88363636,37.57090909,60,2254,N/A,N/A,88595,27011,"NYSE","Basic Materials","Basic Materials/Agriculture","Common Stock",37.57090909,37.57090909
20120521,37.57090909,38.71636364,36.88363636,38.37272727,39,1497,N/A,N/A,90486,27011,"NYSE","Basic Materials","Basic Materials/Agriculture","Common Stock",38.37272727,38.37272727
20120522,37.80000000,38.60181818,37.22727273,37.45636364,32,1199,N/A,N/A,88325,27011,"NYSE","Basic Materials","Basic Materials/Agriculture","Common Stock",37.45636364,37.45636364
20120523,37.22727273,38.83090909,37.22727273,38.48727273,119,4580,N/A,N/A,90756,27011,"NYSE","Basic Materials","Basic Materials/Agriculture","Common Stock",38.48727273,38.48727273
20120524,38.37272727,39.06000000,38.02909091,38.14363636,37,1411,N/A,N/A,89946,27011,"NYSE","Basic Materials","Basic Materials/Agriculture","Common Stock",38.14363636,38.14363636
20120525,38.02909091,40.09090909,38.02909091,38.60181818,13,502,N/A,N/A,91026,27011,"NYSE","Basic Materials","Basic Materials/Agriculture","Common Stock",38.60181818,38.60181818
20120528,38.02909091,40.09090909,38.02909091,38.60181818,0,0,N/A,N/A,0,0,"NYSE","Basic Materials","Basic Materials/Agriculture","Common Stock",3.37000000,38.60181818
20120529,38.83090909,41.69454545,38.83090909,40.89272727,31,1268,N/A,N/A,96428,27011,"NYSE","Basic Materials","Basic Materials/Agriculture","Common Stock",40.89272727,40.89272727
20120530,41.12181818,43.52727273,40.66363636,42.38181818,55,2331,N/A,N/A,99940,27011,"NYSE","Basic Materials","Basic Materials/Agriculture","Common Stock",42.38181818,42.38181818
20120531,42.95454545,46.39090909,39.74727273,41.00727273,67,2747,N/A,N/A,96698,27011,"NYSE","Basic Materials","Basic Materials/Agriculture","Common Stock",41.00727273,41.00727273
20120601,39.97636364,41.46545455,38.60181818,39.74727273,55,2186,N/A,N/A,93727,27011,"NYSE","Basic Materials","Basic Materials/Agriculture","Common Stock",39.74727273,39.74727273
20120604,39.40363636,40.54909091,37.34181818,38.14363636,40,1526,N/A,N/A,89946,27011,"NYSE","Basic Materials","Basic Materials/Agriculture","Common Stock",38.14363636,38.14363636
20120605,37.91454545,39.86181818,37.91454545,38.60181818,35,1351,N/A,N/A,91026,27011,"NYSE","Basic Materials","Basic Materials/Agriculture","Common Stock",38.60181818,38.60181818
20120606,38.83090909,39.40363636,38.25818182,38.71636364,22,852,N/A,N/A,91296,27011,"NYSE","Basic Materials","Basic Materials/Agriculture","Common Stock",38.71636364,38.71636364
20120607,39.51818182,39.63272727,37.80000000,38.94545455,91,3544,N/A,N/A,91836,27011,"NYSE","Basic Materials","Basic Materials/Agriculture","Common Stock",38.94545455,38.94545455
20120608,38.94545455,39.63272727,37.91454545,38.94545455,20,779,N/A,N/A,91836,27011,"NYSE","Basic Materials","Basic Materials/Agriculture","Common Stock",38.94545455,38.94545455
20120611,39.17454545,40.43454545,39.17454545,39.28909091,16,629,N/A,N/A,92647,27011,"NYSE","Basic Materials","Basic Materials/Agriculture","Common Stock",39.28909091,39.28909091
20120612,38.94545455,39.51818182,38.02909091,38.71636364,40,1549,N/A,N/A,91296,27011,"NYSE","Basic Materials","Basic Materials/Agriculture","Common Stock",38.71636364,38.71636364
20120613,38.14363636,39.51818182,38.14363636,39.28909091,64,2515,N/A,N/A,92647,27011,"NYSE","Basic Materials","Basic Materials/Agriculture","Common Stock",39.28909091,39.28909091
20120614,39.28909091,40.09090909,38.60181818,38.60181818,12,463,N/A,N/A,91026,27011,"NYSE","Basic Materials","Basic Materials/Agriculture","Common Stock",38.60181818,38.60181818
20120615,38.71636364,41.80909091,38.60181818,41.00727273,102,4183,N/A,N/A,96698,27011,"NYSE","Basic Materials","Basic Materials/Agriculture","Common Stock",41.00727273,41.00727273
20120618,40.09090909,40.09090909,38.48727273,39.40363636,42,1655,N/A,N/A,92917,27011,"NYSE","Basic Materials","Basic Materials/Agriculture","Common Stock",39.40363636,39.40363636
20120619,39.17454545,40.09090909,38.94545455,39.51818182,13,514,N/A,N/A,93187,27011,"NYSE","Basic Materials","Basic Materials/Agriculture","Common Stock",39.51818182,39.51818182
20120620,39.17454545,39.97636364,39.17454545,39.40363636,21,827,N/A,N/A,92917,27011,"NYSE","Basic Materials","Basic Materials/Agriculture","Common Stock",39.40363636,39.40363636
20120621,38.94545455,39.17454545,38.48727273,38.60181818,35,1351,N/A,N/A,91026,27011,"NYSE","Basic Materials","Basic Materials/Agriculture","Common Stock",38.60181818,38.60181818
20120622,39.06000000,39.86181818,38.94545455,38.94545455,12,467,N/A,N/A,91836,27011,"NYSE","Basic Materials","Basic Materials/Agriculture","Common Stock",38.94545455,38.94545455
20120625,38.60181818,39.40363636,38.48727273,39.06000000,17,664,N/A,N/A,92107,27011,"NYSE","Basic Materials","Basic Materials/Agriculture","Common Stock",39.06000000,39.06000000
20120626,38.71636364,38.94545455,38.37272727,38.60181818,29,1119,N/A,N/A,91026,27011,"NYSE","Basic Materials","Basic Materials/Agriculture","Common Stock",38.60181818,38.60181818
20120627,38.14363636,39.40363636,38.14363636,39.40363636,18,709,N/A,N/A,92917,27011,"NYSE","Basic Materials","Basic Materials/Agriculture","Common Stock",39.40363636,39.40363636
20120628,39.06000000,39.51818182,38.60181818,39.06000000,25,977,N/A,N/A,92107,27011,"NYSE","Basic Materials","Basic Materials/Agriculture","Common Stock",39.06000000,39.06000000
20120629,39.51818182,41.12181818,38.83090909,40.77818182,68,2773,N/A,N/A,96158,27011,"NYSE","Basic Materials","Basic Materials/Agriculture","Common Stock",40.77818182,40.77818182
20120702,40.32000000,41.12181818,39.74727273,41.00727273,58,2378,N/A,N/A,96698,27011,"NYSE","Basic Materials","Basic Materials/Agriculture","Common Stock",41.00727273,41.00727273
20120703,41.12181818,42.84000000,40.66363636,42.84000000,53,2271,N/A,N/A,101020,27011,"NYSE","Basic Materials","Basic Materials/Agriculture","Common Stock",42.84000000,42.84000000
20120704,41.12181818,42.84000000,40.66363636,42.84000000,0,0,N/A,N/A,0,0,"NYSE","Basic Materials","Basic Materials/Agriculture","Common Stock",3.74000000,42.84000000
20120705,43.75636364,43.98545455,40.77818182,41.92363636,55,2306,N/A,N/A,98859,27011,"NYSE","Basic Materials","Basic Materials/Agriculture","Common Stock",41.92363636,41.92363636
20120706,41.80909091,42.84000000,41.80909091,42.15272727,11,464,N/A,N/A,99399,27011,"NYSE","Basic Materials","Basic Materials/Agriculture","Common Stock",42.15272727,42.15272727
20120709,41.80909091,42.61090909,40.77818182,42.26727273,37,1564,N/A,N/A,99670,27011,"NYSE","Basic Materials","Basic Materials/Agriculture","Common Stock",42.26727273,42.26727273
20120710,42.15272727,42.72545455,41.69454545,41.80909091,29,1212,N/A,N/A,98589,27011,"NYSE","Basic Materials","Basic Materials/Agriculture","Common Stock",41.80909091,41.80909091
20120711,41.58000000,42.95454545,41.23636364,42.72545455,41,1752,N/A,N/A,100750,27011,"NYSE","Basic Materials","Basic Materials/Agriculture","Common Stock",42.72545455,42.72545455
20120712,42.38181818,42.72545455,41.35090909,42.15272727,23,970,N/A,N/A,99399,27011,"NYSE","Basic Materials","Basic Materials/Agriculture","Common Stock",42.15272727,42.15272727
20120713,42.15272727,45.58909091,42.15272727,45.24545455,83,3755,N/A,N/A,106692,27011,"NYSE","Basic Materials","Basic Materials/Agriculture","Common Stock",45.24545455,45.24545455
20120716,44.67272727,46.96363636,43.87090909,46.04727273,38,1750,N/A,N/A,108583,27011,"NYSE","Basic Materials","Basic Materials/Agriculture","Common Stock",46.04727273,46.04727273
20120717,45.93272727,48.68181818,45.93272727,48.33818182,110,5317,N/A,N/A,113985,27011,"NYSE","Basic Materials","Basic Materials/Agriculture","Common Stock",48.33818182,48.33818182
20120718,48.45272727,49.71272727,46.39090909,47.76545455,83,3965,N/A,N/A,112635,27011,"NYSE","Basic Materials","Basic Materials/Agriculture","Common Stock",47.76545455,47.76545455
20120719,47.76545455,52.23272727,47.76545455,51.88909091,146,7576,N/A,N/A,122359,27011,"NYSE","Basic Materials","Basic Materials/Agriculture","Common Stock",51.88909091,51.88909091
20120720,50.51454545,50.97272727,49.14000000,50.85818182,69,3509,N/A,N/A,119928,27011,"NYSE","Basic Materials","Basic Materials/Agriculture","Common Stock",50.85818182,50.85818182
20120723,49.71272727,50.40000000,46.62000000,49.71272727,77,3828,N/A,N/A,117227,27011,"NYSE","Basic Materials","Basic Materials/Agriculture","Common Stock",49.71272727,49.71272727
20120724,50.28545455,50.28545455,46.39090909,46.84909091,43,2015,N/A,N/A,110474,27011,"NYSE","Basic Materials","Basic Materials/Agriculture","Common Stock",46.84909091,46.84909091
20120725,46.84909091,47.53636364,46.39090909,47.30727273,39,1845,N/A,N/A,111554,27011,"NYSE","Basic Materials","Basic Materials/Agriculture","Common Stock",47.30727273,47.30727273
20120726,47.42181818,47.88000000,42.61090909,45.01636364,90,4051,N/A,N/A,106152,27011,"NYSE","Basic Materials","Basic Materials/Agriculture","Common Stock",45.01636364,45.01636364
20120727,45.24545455,45.81818182,43.87090909,44.44363636,48,2133,N/A,N/A,104802,27011,"NYSE","Basic Materials","Basic Materials/Agriculture","Common Stock",44.44363636,44.44363636
20120730,44.10000000,45.24545455,44.10000000,45.24545455,40,1810,N/A,N/A,106692,27011,"NYSE","Basic Materials","Basic Materials/Agriculture","Common Stock",45.24545455,45.24545455
20120731,45.47454545,46.50545455,45.13090909,45.24545455,27,1222,N/A,N/A,106692,27011,"NYSE","Basic Materials","Basic Materials/Agriculture","Common Stock",45.24545455,45.24545455
20120801,45.13090909,45.13090909,42.95454545,42.95454545,36,1546,N/A,N/A,101290,27011,"NYSE","Basic Materials","Basic Materials/Agriculture","Common Stock",42.95454545,42.95454545
20120802,43.06909091,43.98545455,41.92363636,42.15272727,23,970,N/A,N/A,99399,27011,"NYSE","Basic Materials","Basic Materials/Agriculture","Common Stock",42.15272727,42.15272727
20120803,42.49636364,44.67272727,41.92363636,43.75636364,59,2582,N/A,N/A,103181,27011,"NYSE","Basic Materials","Basic Materials/Agriculture","Common Stock",43.75636364,43.75636364
20120806,43.52727273,43.52727273,42.15272727,42.15272727,48,2023,N/A,N/A,99399,27011,"NYSE","Basic Materials","Basic Materials/Agriculture","Common Stock",42.15272727,42.15272727
20120807,42.15272727,43.41272727,42.15272727,42.15272727,46,1939,N/A,N/A,99399,27011,"NYSE","Basic Materials","Basic Materials/Agriculture","Common Stock",42.15272727,42.15272727
20120808,42.15272727,43.52727273,42.15272727,42.84000000,38,1628,N/A,N/A,101020,27011,"NYSE","Basic Materials","Basic Materials/Agriculture","Common Stock",42.84000000,42.84000000
20120809,42.72545455,44.21454545,42.26727273,42.38181818,63,2670,N/A,N/A,99940,27011,"NYSE","Basic Materials","Basic Materials/Agriculture","Common Stock",42.38181818,42.38181818
20120810,42.15272727,43.64181818,42.15272727,43.52727273,52,2263,N/A,N/A,102641,27011,"NYSE","Basic Materials","Basic Materials/Agriculture","Common Stock",43.52727273,43.52727273
20120813,43.75636364,45.47454545,43.41272727,45.47454545,45,2046,N/A,N/A,107233,27011,"NYSE","Basic Materials","Basic Materials/Agriculture","Common Stock",45.47454545,45.47454545
20120814,45.24545455,45.47454545,44.21454545,44.21454545,61,2697,N/A,N/A,104261,27011,"NYSE","Basic Materials","Basic Materials/Agriculture","Common Stock",44.21454545,44.21454545
20120815,44.21454545,44.55818182,42.95454545,43.41272727,36,1563,N/A,N/A,102371,27011,"NYSE","Basic Materials","Basic Materials/Agriculture","Common Stock",43.41272727,43.41272727
20120816,48.79636364,48.79636364,40.54909091,42.38181818,91,3857,N/A,N/A,99940,27011,"NYSE","Basic Materials","Basic Materials/Agriculture","Common Stock",42.38181818,42.38181818
20120817,42.03818182,42.26727273,41.23636364,41.58000000,27,1123,N/A,N/A,98049,27011,"NYSE","Basic Materials","Basic Materials/Agriculture","Common Stock",41.58000000,41.58000000
20120820,41.12181818,42.15272727,40.09090909,41.80909091,49,2049,N/A,N/A,98589,27011,"NYSE","Basic Materials","Basic Materials/Agriculture","Common Stock",41.80909091,41.80909091
20120821,41.80909091,42.38181818,40.66363636,41.23636364,47,1938,N/A,N/A,97239,27011,"NYSE","Basic Materials","Basic Materials/Agriculture","Common Stock",41.23636364,41.23636364
20120822,40.89272727,43.52727273,40.89272727,43.52727273,42,1828,N/A,N/A,102641,27011,"NYSE","Basic Materials","Basic Materials/Agriculture","Common Stock",43.52727273,43.52727273
20120823,43.29818182,43.41272727,42.61090909,43.18363636,17,734,N/A,N/A,101830,27011,"NYSE","Basic Materials","Basic Materials/Agriculture","Common Stock",43.18363636,43.18363636
20120824,42.61090909,43.41272727,41.58000000,43.06909091,21,904,N/A,N/A,101560,27011,"NYSE","Basic Materials","Basic Materials/Agriculture","Common Stock",43.06909091,43.06909091
20120827,43.41272727,43.52727273,42.95454545,43.41272727,24,1042,N/A,N/A,102371,27011,"NYSE","Basic Materials","Basic Materials/Agriculture","Common Stock",43.41272727,43.41272727
20120828,42.95454545,42.95454545,42.26727273,42.61090909,4,170,N/A,N/A,100480,27011,"NYSE","Basic Materials","Basic Materials/Agriculture","Common Stock",42.61090909,42.61090909
20120829,42.26727273,43.52727273,41.46545455,43.18363636,12,518,N/A,N/A,101830,27011,"NYSE","Basic Materials","Basic Materials/Agriculture","Common Stock",43.18363636,43.18363636
20120830,42.95454545,43.52727273,42.38181818,43.18363636,13,561,N/A,N/A,101830,27011,"NYSE","Basic Materials","Basic Materials/Agriculture","Common Stock",43.18363636,43.18363636
20120831,43.06909091,43.18363636,42.49636364,42.49636364,17,722,N/A,N/A,100210,27011,"NYSE","Basic Materials","Basic Materials/Agriculture","Common Stock",42.49636364,42.49636364
20120903,43.06909091,43.18363636,42.49636364,42.49636364,0,0,N/A,N/A,0,0,"NYSE","Basic Materials","Basic Materials/Agriculture","Common Stock",3.71000000,42.49636364
20120904,42.03818182,42.95454545,41.35090909,42.95454545,38,1632,N/A,N/A,101290,27011,"NYSE","Basic Materials","Basic Materials/Agriculture","Common Stock",42.95454545,42.95454545
20120905,43.06909091,43.18363636,42.26727273,43.06909091,17,732,N/A,N/A,101560,27011,"NYSE","Basic Materials","Basic Materials/Agriculture","Common Stock",43.06909091,43.06909091
20120906,43.06909091,43.41272727,42.26727273,42.49636364,49,2082,N/A,N/A,100210,27011,"NYSE","Basic Materials","Basic Materials/Agriculture","Common Stock",42.49636364,42.49636364
20120907,42.72545455,44.32909091,42.49636364,43.75636364,48,2100,N/A,N/A,103181,27011,"NYSE","Basic Materials","Basic Materials/Agriculture","Common Stock",43.75636364,43.75636364
20120910,43.18363636,45.58909091,42.95454545,45.47454545,69,3138,N/A,N/A,107233,27011,"NYSE","Basic Materials","Basic Materials/Agriculture","Common Stock",45.47454545,45.47454545
20120911,45.24545455,48.68181818,44.90181818,47.99454545,121,5807,N/A,N/A,113175,27011,"NYSE","Basic Materials","Basic Materials/Agriculture","Common Stock",47.99454545,47.99454545
20120912,48.33818182,49.82727273,48.10909091,49.71272727,108,5369,N/A,N/A,117227,27011,"NYSE","Basic Materials","Basic Materials/Agriculture","Common Stock",49.71272727,49.71272727
20120913,50.05636364,50.05636364,44.67272727,46.73454545,206,9627,N/A,N/A,110204,27011,"NYSE","Basic Materials","Basic Materials/Agriculture","Common Stock",46.73454545,46.73454545
20120914,46.84909091,46.84909091,41.58000000,42.15272727,198,8346,N/A,N/A,99399,27011,"NYSE","Basic Materials","Basic Materials/Agriculture","Common Stock",42.15272727,42.15272727
20120917,42.38181818,42.38181818,40.89272727,41.80909091,76,3177,N/A,N/A,98589,27011,"NYSE","Basic Materials","Basic Materials/Agriculture","Common Stock",41.80909091,41.80909091
20120918,42.38181818,42.72545455,41.58000000,42.15272727,30,1265,N/A,N/A,99399,27011,"NYSE","Basic Materials","Basic Materials/Agriculture","Common Stock",42.15272727,42.15272727
20120919,42.38181818,43.06909091,41.23636364,42.15272727,32,1349,N/A,N/A,99399,27011,"NYSE","Basic Materials","Basic Materials/Agriculture","Common Stock",42.15272727,42.15272727
20120920,41.80909091,41.80909091,39.51818182,39.86181818,107,4265,N/A,N/A,93997,27011,"NYSE","Basic Materials","Basic Materials/Agriculture","Common Stock",39.86181818,39.86181818
20120921,40.66363636,42.26727273,37.34181818,37.34181818,147,5489,N/A,N/A,88055,27011,"NYSE","Basic Materials","Basic Materials/Agriculture","Common Stock",37.34181818,37.34181818
20120924,36.65454545,40.89272727,36.42545455,40.32000000,158,6371,N/A,N/A,95078,27011,"NYSE","Basic Materials","Basic Materials/Agriculture","Common Stock",40.32000000,40.32000000
20120925,40.77818182,40.77818182,37.34181818,37.80000000,122,4612,N/A,N/A,89135,27011,"NYSE","Basic Materials","Basic Materials/Agriculture","Common Stock",37.80000000,37.80000000
20120926,37.80000000,38.37272727,37.22727273,37.80000000,34,1285,N/A,N/A,89135,27011,"NYSE","Basic Materials","Basic Materials/Agriculture","Common Stock",37.80000000,37.80000000
20120927,38.14363636,38.37272727,37.68545455,38.14363636,48,1831,N/A,N/A,89946,27011,"NYSE","Basic Materials","Basic Materials/Agriculture","Common Stock",38.14363636,38.14363636
20120928,37.57090909,38.14363636,37.45636364,37.57090909,26,977,N/A,N/A,88595,27011,"NYSE","Basic Materials","Basic Materials/Agriculture","Common Stock",37.57090909,37.57090909
20121001,37.91454545,37.91454545,36.76909091,37.68545455,44,1658,N/A,N/A,88865,27011,"NYSE","Basic Materials","Basic Materials/Agriculture","Common Stock",37.68545455,37.68545455
20121002,37.91454545,38.48727273,36.88363636,38.48727273,80,3079,N/A,N/A,90756,27011,"NYSE","Basic Materials","Basic Materials/Agriculture","Common Stock",38.48727273,38.48727273
20121003,37.91454545,38.25818182,36.65454545,38.14363636,46,1755,N/A,N/A,89946,27011,"NYSE","Basic Materials","Basic Materials/Agriculture","Common Stock",38.14363636,38.14363636
20121004,37.45636364,38.48727273,36.65454545,38.14363636,38,1449,N/A,N/A,89946,27011,"NYSE","Basic Materials","Basic Materials/Agriculture","Common Stock",38.14363636,38.14363636
20121005,37.80000000,38.14363636,37.34181818,37.45636364,22,824,N/A,N/A,88325,27011,"NYSE","Basic Materials","Basic Materials/Agriculture","Common Stock",37.45636364,37.45636364
20121008,37.22727273,37.22727273,36.76909091,36.99818182,34,1258,N/A,N/A,87245,27011,"NYSE","Basic Materials","Basic Materials/Agriculture","Common Stock",36.99818182,36.99818182
20121009,36.88363636,38.02909091,36.65454545,37.91454545,22,834,N/A,N/A,89405,27011,"NYSE","Basic Materials","Basic Materials/Agriculture","Common Stock",37.91454545,37.91454545
20121010,37.57090909,37.68545455,36.65454545,36.76909091,33,1213,N/A,N/A,86704,27011,"NYSE","Basic Materials","Basic Materials/Agriculture","Common Stock",36.76909091,36.76909091
20121011,36.76909091,36.99818182,36.65454545,36.65454545,29,1063,N/A,N/A,86434,27011,"NYSE","Basic Materials","Basic Materials/Agriculture","Common Stock",36.65454545,36.65454545
20121012,36.65454545,36.88363636,36.08181818,36.31090909,48,1743,N/A,N/A,85624,27011,"NYSE","Basic Materials","Basic Materials/Agriculture","Common Stock",36.31090909,36.31090909
20121015,37.22727273,39.97636364,37.22727273,39.63272727,115,4558,N/A,N/A,93457,27011,"NYSE","Basic Materials","Basic Materials/Agriculture","Common Stock",39.63272727,39.63272727
20121016,39.74727273,39.74727273,38.02909091,38.94545455,61,2376,N/A,N/A,91836,27011,"NYSE","Basic Materials","Basic Materials/Agriculture","Common Stock",38.94545455,38.94545455
20121017,38.71636364,39.74727273,38.48727273,39.06000000,43,1680,N/A,N/A,92107,27011,"NYSE","Basic Materials","Basic Materials/Agriculture","Common Stock",39.06000000,39.06000000
20121018,39.06000000,41.00727273,38.94545455,39.74727273,54,2146,N/A,N/A,93727,27011,"NYSE","Basic Materials","Basic Materials/Agriculture","Common Stock",39.74727273,39.74727273
20121019,39.28909091,40.09090909,38.02909091,38.94545455,47,1830,N/A,N/A,91836,27011,"NYSE","Basic Materials","Basic Materials/Agriculture","Common Stock",38.94545455,38.94545455
20121022,38.71636364,40.54909091,38.25818182,40.54909091,69,2798,N/A,N/A,95618,27011,"NYSE","Basic Materials","Basic Materials/Agriculture","Common Stock",40.54909091,40.54909091
20121023,40.09090909,40.09090909,38.94545455,39.63272727,48,1902,N/A,N/A,93457,27011,"NYSE","Basic Materials","Basic Materials/Agriculture","Common Stock",39.63272727,39.63272727
20121024,39.40363636,39.63272727,37.22727273,37.80000000,50,1890,N/A,N/A,89135,27011,"NYSE","Basic Materials","Basic Materials/Agriculture","Common Stock",37.80000000,37.80000000
20121025,37.80000000,39.28909091,36.88363636,37.57090909,32,1202,N/A,N/A,88595,27011,"NYSE","Basic Materials","Basic Materials/Agriculture","Common Stock",37.57090909,37.57090909
20121026,37.22727273,38.48727273,37.22727273,37.91454545,20,758,N/A,N/A,89405,27011,"NYSE","Basic Materials","Basic Materials/Agriculture","Common Stock",37.91454545,37.91454545
20121029,37.22727273,38.48727273,37.22727273,37.91454545,0,0,N/A,N/A,0,0,"NYSE","Basic Materials","Basic Materials/Agriculture","Common Stock",3.31000000,37.91454545
20121030,37.22727273,38.48727273,37.22727273,37.91454545,0,0,N/A,N/A,0,0,"NYSE","Basic Materials","Basic Materials/Agriculture","Common Stock",3.31000000,37.91454545
20121031,38.02909091,39.40363636,37.80000000,39.40363636,18,709,N/A,N/A,92917,27011,"NYSE","Basic Materials","Basic Materials/Agriculture","Common Stock",39.40363636,39.40363636
20121101,39.17454545,40.09090909,38.02909091,40.09090909,53,2125,N/A,N/A,94538,27011,"NYSE","Basic Materials","Basic Materials/Agriculture","Common Stock",40.09090909,40.09090909
20121102,38.71636364,41.00727273,38.71636364,40.20545455,73,2935,N/A,N/A,94808,27011,"NYSE","Basic Materials","Basic Materials/Agriculture","Common Stock",40.20545455,40.20545455
20121105,41.23636364,41.80909091,41.00727273,41.46545455,52,2156,N/A,N/A,101139,27939,"NYSE","Basic Materials","Basic Materials/Agriculture","Common Stock",41.46545455,41.46545455
20121106,41.58000000,42.15272727,41.58000000,41.69454545,27,1126,N/A,N/A,101697,27939,"NYSE","Basic Materials","Basic Materials/Agriculture","Common Stock",41.69454545,41.69454545
20121107,42.15272727,42.15272727,40.89272727,41.00727273,45,1845,N/A,N/A,100021,27939,"NYSE","Basic Materials","Basic Materials/Agriculture","Common Stock",41.00727273,41.00727273
20121108,41.00727273,41.00727273,39.63272727,39.63272727,27,1070,N/A,N/A,96668,27939,"NYSE","Basic Materials","Basic Materials/Agriculture","Common Stock",39.63272727,39.63272727
20121109,39.51818182,40.09090909,38.94545455,39.40363636,58,2285,N/A,N/A,96110,27939,"NYSE","Basic Materials","Basic Materials/Agriculture","Common Stock",39.40363636,39.40363636
20121112,39.17454545,41.23636364,39.17454545,40.77818182,39,1590,N/A,N/A,99462,27939,"NYSE","Basic Materials","Basic Materials/Agriculture","Common Stock",40.77818182,40.77818182
20121113,40.89272727,41.12181818,39.74727273,39.74727273,52,2067,N/A,N/A,96948,27939,"NYSE","Basic Materials","Basic Materials/Agriculture","Common Stock",39.74727273,39.74727273
20121114,40.09090909,40.09090909,36.76909091,37.11272727,81,3006,N/A,N/A,90522,27939,"NYSE","Basic Materials","Basic Materials/Agriculture","Common Stock",37.11272727,37.11272727
20121115,36.65454545,37.11272727,35.50909091,35.85272727,74,2653,N/A,N/A,87449,27939,"NYSE","Basic Materials","Basic Materials/Agriculture","Common Stock",35.85272727,35.85272727
20121116,35.50909091,36.76909091,35.50909091,36.76909091,22,809,N/A,N/A,89684,27939,"NYSE","Basic Materials","Basic Materials/Agriculture","Common Stock",36.76909091,36.76909091
20121119,40.66363636,40.66363636,35.50909091,35.50909091,65,2308,N/A,N/A,86610,27939,"NYSE","Basic Materials","Basic Materials/Agriculture","Common Stock",35.50909091,35.50909091
20121120,35.50909091,37.68545455,31.38545455,36.65454545,142,5205,N/A,N/A,89404,27939,"NYSE","Basic Materials","Basic Materials/Agriculture","Common Stock",36.65454545,36.65454545
20121121,36.65454545,38.94545455,35.62363636,38.48727273,38,1463,N/A,N/A,93874,27939,"NYSE","Basic Materials","Basic Materials/Agriculture","Common Stock",38.48727273,38.48727273
20121122,36.65454545,38.94545455,35.62363636,38.48727273,0,0,N/A,N/A,0,0,"NYSE","Basic Materials","Basic Materials/Agriculture","Common Stock",3.36000000,38.48727273
20121123,39.63272727,40.66363636,39.06000000,40.09090909,46,1844,N/A,N/A,97786,27939,"NYSE","Basic Materials","Basic Materials/Agriculture","Common Stock",40.09090909,40.09090909
20121126,39.74727273,40.09090909,37.80000000,39.17454545,29,1136,N/A,N/A,95551,27939,"NYSE","Basic Materials","Basic Materials/Agriculture","Common Stock",39.17454545,39.17454545
20121127,38.71636364,38.94545455,38.02909091,38.94545455,22,857,N/A,N/A,94992,27939,"NYSE","Basic Materials","Basic Materials/Agriculture","Common Stock",38.94545455,38.94545455
20121128,38.37272727,39.97636364,37.91454545,39.51818182,28,1107,N/A,N/A,96389,27939,"NYSE","Basic Materials","Basic Materials/Agriculture","Common Stock",39.51818182,39.51818182
20121129,39.86181818,39.86181818,39.51818182,39.86181818,25,997,N/A,N/A,97227,27939,"NYSE","Basic Materials","Basic Materials/Agriculture","Common Stock",39.86181818,39.86181818
20121130,39.51818182,39.63272727,37.91454545,38.60181818,20,772,N/A,N/A,94154,27939,"NYSE","Basic Materials","Basic Materials/Agriculture","Common Stock",38.60181818,38.60181818
20121203,38.60181818,38.71636364,37.80000000,38.48727273,33,1270,N/A,N/A,93874,27939,"NYSE","Basic Materials","Basic Materials/Agriculture","Common Stock",38.48727273,38.48727273
20121204,38.02909091,38.25818182,36.65454545,36.65454545,54,1979,N/A,N/A,89404,27939,"NYSE","Basic Materials","Basic Materials/Agriculture","Common Stock",36.65454545,36.65454545
20121205,36.54000000,37.22727273,36.31090909,36.65454545,51,1869,N/A,N/A,89404,27939,"NYSE","Basic Materials","Basic Materials/Agriculture","Common Stock",36.65454545,36.65454545
20121206,36.54000000,37.11272727,36.42545455,37.11272727,9,334,N/A,N/A,90522,27939,"NYSE","Basic Materials","Basic Materials/Agriculture","Common Stock",37.11272727,37.11272727
20121207,36.88363636,36.88363636,35.73818182,36.54000000,46,1681,N/A,N/A,89125,27939,"NYSE","Basic Materials","Basic Materials/Agriculture","Common Stock",36.54000000,36.54000000
20121210,36.19636364,36.99818182,35.62363636,36.76909091,50,1838,N/A,N/A,89684,27939,"NYSE","Basic Materials","Basic Materials/Agriculture","Common Stock",36.76909091,36.76909091
20121211,36.42545455,36.99818182,36.42545455,36.65454545,36,1320,N/A,N/A,89404,27939,"NYSE","Basic Materials","Basic Materials/Agriculture","Common Stock",36.65454545,36.65454545
20121212,36.42545455,36.99818182,36.08181818,36.65454545,28,1026,N/A,N/A,89404,27939,"NYSE","Basic Materials","Basic Materials/Agriculture","Common Stock",36.65454545,36.65454545
20121213,36.54000000,36.99818182,36.54000000,36.76909091,36,1324,N/A,N/A,89684,27939,"NYSE","Basic Materials","Basic Materials/Agriculture","Common Stock",36.76909091,36.76909091
20121214,36.76909091,40.89272727,36.76909091,40.20545455,170,6835,N/A,N/A,98065,27939,"NYSE","Basic Materials","Basic Materials/Agriculture","Common Stock",40.20545455,40.20545455
20121217,40.43454545,41.23636364,38.94545455,41.00727273,92,3773,N/A,N/A,100021,27939,"NYSE","Basic Materials","Basic Materials/Agriculture","Common Stock",41.00727273,41.00727273
20121218,40.66363636,41.69454545,40.43454545,41.00727273,82,3363,N/A,N/A,100021,27939,"NYSE","Basic Materials","Basic Materials/Agriculture","Common Stock",41.00727273,41.00727273
20121219,41.58000000,41.80909091,40.66363636,41.80909091,35,1463,N/A,N/A,101977,27939,"NYSE","Basic Materials","Basic Materials/Agriculture","Common Stock",41.80909091,41.80909091
20121220,41.58000000,41.58000000,40.66363636,40.77818182,25,1019,N/A,N/A,99462,27939,"NYSE","Basic Materials","Basic Materials/Agriculture","Common Stock",40.77818182,40.77818182
20121221,40.66363636,41.00727273,40.09090909,40.20545455,23,925,N/A,N/A,98065,27939,"NYSE","Basic Materials","Basic Materials/Agriculture","Common Stock",40.20545455,40.20545455
20121224,39.51818182,39.86181818,38.71636364,38.71636364,24,929,N/A,N/A,94433,27939,"NYSE","Basic Materials","Basic Materials/Agriculture","Common Stock",38.71636364,38.71636364
20121225,39.51818182,39.86181818,38.71636364,38.71636364,0,0,N/A,N/A,0,0,"NYSE","Basic Materials","Basic Materials/Agriculture","Common Stock",3.38000000,38.71636364
20121226,38.37272727,38.94545455,37.80000000,38.25818182,33,1263,N/A,N/A,93316,27939,"NYSE","Basic Materials","Basic Materials/Agriculture","Common Stock",38.25818182,38.25818182
20121227,38.37272727,38.37272727,37.57090909,37.80000000,32,1210,N/A,N/A,92198,27939,"NYSE","Basic Materials","Basic Materials/Agriculture","Common Stock",37.80000000,37.80000000
20121228,37.11272727,41.58000000,37.11272727,39.06000000,103,4023,N/A,N/A,95271,27939,"NYSE","Basic Materials","Basic Materials/Agriculture","Common Stock",39.06000000,39.06000000
20121231,38.48727273,39.51818182,37.22727273,37.57090909,87,3269,N/A,N/A,91639,27939,"NYSE","Basic Materials","Basic Materials/Agriculture","Common Stock",37.57090909,37.57090909
20130101,38.48727273,39.51818182,37.22727273,37.57090909,0,0,N/A,N/A,0,0,"NYSE","Basic Materials","Basic Materials/Agriculture","Common Stock",3.28000000,37.57090909
20130102,37.91454545,39.51818182,37.91454545,39.51818182,67,2648,N/A,N/A,96389,27939,"NYSE","Basic Materials","Basic Materials/Agriculture","Common Stock",39.51818182,39.51818182
20130103,39.28909091,40.66363636,38.14363636,38.37272727,68,2609,N/A,N/A,93595,27939,"NYSE","Basic Materials","Basic Materials/Agriculture","Common Stock",38.37272727,38.37272727
20130104,39.06000000,40.89272727,38.60181818,40.89272727,38,1554,N/A,N/A,99742,27939,"NYSE","Basic Materials","Basic Materials/Agriculture","Common Stock",40.89272727,40.89272727
20130107,41.12181818,42.84000000,41.00727273,42.03818182,68,2859,N/A,N/A,102536,27939,"NYSE","Basic Materials","Basic Materials/Agriculture","Common Stock",42.03818182,42.03818182
20130108,41.46545455,42.84000000,41.46545455,42.72545455,60,2564,N/A,N/A,104212,27939,"NYSE","Basic Materials","Basic Materials/Agriculture","Common Stock",42.72545455,42.72545455
20130109,42.38181818,42.61090909,40.09090909,41.92363636,39,1635,N/A,N/A,102256,27939,"NYSE","Basic Materials","Basic Materials/Agriculture","Common Stock",41.92363636,41.92363636
20130110,41.58000000,42.72545455,40.20545455,42.72545455,38,1624,N/A,N/A,104212,27939,"NYSE","Basic Materials","Basic Materials/Agriculture","Common Stock",42.72545455,42.72545455
20130111,42.61090909,42.72545455,41.92363636,42.72545455,40,1709,N/A,N/A,104212,27939,"NYSE","Basic Materials","Basic Materials/Agriculture","Common Stock",42.72545455,42.72545455
20130114,42.26727273,42.72545455,42.03818182,42.72545455,24,1025,N/A,N/A,104212,27939,"NYSE","Basic Materials","Basic Materials/Agriculture","Common Stock",42.72545455,42.72545455
20130115,42.15272727,44.32909091,42.15272727,44.10000000,123,5424,N/A,N/A,107565,27939,"NYSE","Basic Materials","Basic Materials/Agriculture","Common Stock",44.10000000,44.10000000
20130116,44.67272727,45.13090909,43.52727273,43.87090909,44,1930,N/A,N/A,107006,27939,"NYSE","Basic Materials","Basic Materials/Agriculture","Common Stock",43.87090909,43.87090909
20130117,44.32909091,45.24545455,43.52727273,43.98545455,45,1979,N/A,N/A,107285,27939,"NYSE","Basic Materials","Basic Materials/Agriculture","Common Stock",43.98545455,43.98545455
20130118,43.52727273,44.55818182,42.95454545,43.18363636,38,1641,N/A,N/A,105329,27939,"NYSE","Basic Materials","Basic Materials/Agriculture","Common Stock",43.18363636,43.18363636
20130121,43.52727273,44.55818182,42.95454545,43.18363636,0,0,N/A,N/A,0,0,"NYSE","Basic Materials","Basic Materials/Agriculture","Common Stock",3.77000000,43.18363636
20130122,43.18363636,43.29818182,40.09090909,41.23636364,99,4082,N/A,N/A,100580,27939,"NYSE","Basic Materials","Basic Materials/Agriculture","Common Stock",41.23636364,41.23636364
20130123,41.23636364,41.23636364,40.09090909,40.54909091,36,1460,N/A,N/A,98903,27939,"NYSE","Basic Materials","Basic Materials/Agriculture","Common Stock",40.54909091,40.54909091
20130124,40.09090909,41.80909091,40.09090909,41.35090909,42,1737,N/A,N/A,100859,27939,"NYSE","Basic Materials","Basic Materials/Agriculture","Common Stock",41.35090909,41.35090909
20130125,41.00727273,42.95454545,41.00727273,42.49636364,57,2422,N/A,N/A,103653,27939,"NYSE","Basic Materials","Basic Materials/Agriculture","Common Stock",42.49636364,42.49636364
20130128,42.95454545,42.95454545,41.46545455,42.03818182,22,925,N/A,N/A,102536,27939,"NYSE","Basic Materials","Basic Materials/Agriculture","Common Stock",42.03818182,42.03818182
20130129,42.38181818,42.38181818,41.46545455,42.26727273,38,1606,N/A,N/A,103094,27939,"NYSE","Basic Materials","Basic Materials/Agriculture","Common Stock",42.26727273,42.26727273
20130130,42.15272727,42.38181818,40.43454545,42.03818182,52,2186,N/A,N/A,102536,27939,"NYSE","Basic Materials","Basic Materials/Agriculture","Common Stock",42.03818182,42.03818182
20130131,41.69454545,42.38181818,41.23636364,42.15272727,34,1433,N/A,N/A,102815,27939,"NYSE","Basic Materials","Basic Materials/Agriculture","Common Stock",42.15272727,42.15272727
20130201,42.38181818,42.38181818,41.46545455,42.03818182,51,2144,N/A,N/A,102536,27939,"NYSE","Basic Materials","Basic Materials/Agriculture","Common Stock",42.03818182,42.03818182
20130204,41.35090909,41.80909091,41.23636364,41.46545455,15,622,N/A,N/A,101139,27939,"NYSE","Basic Materials","Basic Materials/Agriculture","Common Stock",41.46545455,41.46545455
20130205,41.46545455,41.46545455,40.77818182,41.46545455,26,1078,N/A,N/A,101139,27939,"NYSE","Basic Materials","Basic Materials/Agriculture","Common Stock",41.46545455,41.46545455
20130206,41.00727273,41.35090909,40.77818182,40.77818182,21,856,N/A,N/A,99462,27939,"NYSE","Basic Materials","Basic Materials/Agriculture","Common Stock",40.77818182,40.77818182
20130207,40.77818182,41.58000000,40.43454545,41.46545455,24,995,N/A,N/A,101139,27939,"NYSE","Basic Materials","Basic Materials/Agriculture","Common Stock",41.46545455,41.46545455
20130208,41.23636364,41.46545455,40.09090909,40.77818182,46,1876,N/A,N/A,99462,27939,"NYSE","Basic Materials","Basic Materials/Agriculture","Common Stock",40.77818182,40.77818182
20130211,40.09090909,40.54909091,39.51818182,39.86181818,26,1036,N/A,N/A,97227,27939,"NYSE","Basic Materials","Basic Materials/Agriculture","Common Stock",39.86181818,39.86181818
20130212,39.63272727,40.66363636,38.48727273,38.71636364,52,2013,N/A,N/A,94433,27939,"NYSE","Basic Materials","Basic Materials/Agriculture","Common Stock",38.71636364,38.71636364
20130213,38.37272727,40.09090909,38.02909091,39.74727273,80,3180,N/A,N/A,96948,27939,"NYSE","Basic Materials","Basic Materials/Agriculture","Common Stock",39.74727273,39.74727273
20130214,39.63272727,40.09090909,39.63272727,39.97636364,15,600,N/A,N/A,97507,27939,"NYSE","Basic Materials","Basic Materials/Agriculture","Common Stock",39.97636364,39.97636364
20130215,39.86181818,39.86181818,39.06000000,39.06000000,34,1328,N/A,N/A,95271,27939,"NYSE","Basic Materials","Basic Materials/Agriculture","Common Stock",39.06000000,39.06000000
20130218,39.86181818,39.86181818,39.06000000,39.06000000,0,0,N/A,N/A,0,0,"NYSE","Basic Materials","Basic Materials/Agriculture","Common Stock",3.41000000,39.06000000
20130219,39.97636364,40.54909091,39.51818182,39.97636364,55,2199,N/A,N/A,97507,27939,"NYSE","Basic Materials","Basic Materials/Agriculture","Common Stock",39.97636364,39.97636364
20130220,40.09090909,40.09090909,38.48727273,38.48727273,28,1078,N/A,N/A,93874,27939,"NYSE","Basic Materials","Basic Materials/Agriculture","Common Stock",38.48727273,38.48727273
20130221,37.91454545,38.14363636,37.34181818,37.45636364,32,1199,N/A,N/A,91360,27939,"NYSE","Basic Materials","Basic Materials/Agriculture","Common Stock",37.45636364,37.45636364
20130222,37.57090909,38.71636364,37.11272727,38.02909091,47,1787,N/A,N/A,92757,27939,"NYSE","Basic Materials","Basic Materials/Agriculture","Common Stock",38.02909091,38.02909091
20130225,37.91454545,38.02909091,36.99818182,37.22727273,65,2420,N/A,N/A,90801,27939,"NYSE","Basic Materials","Basic Materials/Agriculture","Common Stock",37.22727273,37.22727273
20130226,37.11272727,37.22727273,36.76909091,36.88363636,25,922,N/A,N/A,89963,27939,"NYSE","Basic Materials","Basic Materials/Agriculture","Common Stock",36.88363636,36.88363636
20130227,36.65454545,36.88363636,36.65454545,36.65454545,39,1430,N/A,N/A,89404,27939,"NYSE","Basic Materials","Basic Materials/Agriculture","Common Stock",36.65454545,36.65454545
20130228,36.65454545,37.22727273,36.65454545,36.76909091,22,809,N/A,N/A,89684,27939,"NYSE","Basic Materials","Basic Materials/Agriculture","Common Stock",36.76909091,36.76909091
20130301,36.76909091,36.88363636,36.54000000,36.54000000,45,1644,N/A,N/A,89125,27939,"NYSE","Basic Materials","Basic Materials/Agriculture","Common Stock",36.54000000,36.54000000
20130304,36.08181818,36.31090909,35.96727273,35.96727273,52,1870,N/A,N/A,87728,27939,"NYSE","Basic Materials","Basic Materials/Agriculture","Common Stock",35.96727273,35.96727273
20130305,35.96727273,37.11272727,35.96727273,36.88363636,32,1180,N/A,N/A,89963,27939,"NYSE","Basic Materials","Basic Materials/Agriculture","Common Stock",36.88363636,36.88363636
20130306,37.11272727,38.02909091,37.11272727,37.91454545,30,1137,N/A,N/A,92478,27939,"NYSE","Basic Materials","Basic Materials/Agriculture","Common Stock",37.91454545,37.91454545
20130307,37.57090909,37.68545455,37.22727273,37.57090909,27,1014,N/A,N/A,91639,27939,"NYSE","Basic Materials","Basic Materials/Agriculture","Common Stock",37.57090909,37.57090909
20130308,37.34181818,38.02909091,36.88363636,37.91454545,29,1100,N/A,N/A,92478,27939,"NYSE","Basic Materials","Basic Materials/Agriculture","Common Stock",37.91454545,37.91454545
20130311,37.34181818,38.94545455,37.34181818,38.94545455,42,1636,N/A,N/A,94992,27939,"NYSE","Basic Materials","Basic Materials/Agriculture","Common Stock",38.94545455,38.94545455
20130312,38.94545455,38.94545455,37.91454545,38.14363636,27,1030,N/A,N/A,93036,27939,"NYSE","Basic Materials","Basic Materials/Agriculture","Common Stock",38.14363636,38.14363636
20130313,38.02909091,38.14363636,37.11272727,37.11272727,27,1002,N/A,N/A,90522,27939,"NYSE","Basic Materials","Basic Materials/Agriculture","Common Stock",37.11272727,37.11272727
20130314,37.22727273,37.80000000,35.96727273,36.99818182,44,1628,N/A,N/A,90242,27939,"NYSE","Basic Materials","Basic Materials/Agriculture","Common Stock",36.99818182,36.99818182
20130315,36.65454545,42.72545455,36.65454545,38.60181818,225,8685,N/A,N/A,94154,27939,"NYSE","Basic Materials","Basic Materials/Agriculture","Common Stock",38.60181818,38.60181818
20130318,37.91454545,39.97636364,37.68545455,38.02909091,55,2092,N/A,N/A,92757,27939,"NYSE","Basic Materials","Basic Materials/Agriculture","Common Stock",38.02909091,38.02909091
20130319,38.02909091,39.28909091,38.02909091,38.71636364,56,2168,N/A,N/A,94433,27939,"NYSE","Basic Materials","Basic Materials/Agriculture","Common Stock",38.71636364,38.71636364
20130320,38.48727273,38.48727273,37.34181818,37.68545455,35,1319,N/A,N/A,91919,27939,"NYSE","Basic Materials","Basic Materials/Agriculture","Common Stock",37.68545455,37.68545455
20130321,37.80000000,39.17454545,36.65454545,39.06000000,54,2109,N/A,N/A,95271,27939,"NYSE","Basic Materials","Basic Materials/Agriculture","Common Stock",39.06000000,39.06000000
20130322,39.40363636,40.20545455,37.57090909,37.91454545,61,2313,N/A,N/A,92478,27939,"NYSE","Basic Materials","Basic Materials/Agriculture","Common Stock",37.91454545,37.91454545
20130325,37.68545455,37.68545455,36.08181818,36.65454545,71,2602,N/A,N/A,89404,27939,"NYSE","Basic Materials","Basic Materials/Agriculture","Common Stock",36.65454545,36.65454545
20130326,36.99818182,36.99818182,35.96727273,36.19636364,36,1303,N/A,N/A,88287,27939,"NYSE","Basic Materials","Basic Materials/Agriculture","Common Stock",36.19636364,36.19636364
20130327,36.08181818,37.22727273,36.08181818,36.54000000,23,840,N/A,N/A,89125,27939,"NYSE","Basic Materials","Basic Materials/Agriculture","Common Stock",36.54000000,36.54000000
20130328,36.65454545,36.88363636,36.31090909,36.65454545,74,2712,N/A,N/A,89404,27939,"NYSE","Basic Materials","Basic Materials/Agriculture","Common Stock",36.65454545,36.65454545
20130329,36.65454545,36.88363636,36.31090909,36.65454545,0,0,N/A,N/A,0,0,"NYSE","Basic Materials","Basic Materials/Agriculture","Common Stock",3.20000000,36.65454545
20130401,36.54000000,37.11272727,36.54000000,36.88363636,38,1402,N/A,N/A,89963,27939,"NYSE","Basic Materials","Basic Materials/Agriculture","Common Stock",36.88363636,36.88363636
20130402,36.88363636,38.25818182,36.54000000,37.80000000,59,2230,N/A,N/A,92198,27939,"NYSE","Basic Materials","Basic Materials/Agriculture","Common Stock",37.80000000,37.80000000
20130403,38.02909091,38.14363636,37.22727273,37.45636364,32,1199,N/A,N/A,91360,27939,"NYSE","Basic Materials","Basic Materials/Agriculture","Common Stock",37.45636364,37.45636364
20130404,37.11272727,38.14363636,36.88363636,38.14363636,49,1869,N/A,N/A,93036,27939,"NYSE","Basic Materials","Basic Materials/Agriculture","Common Stock",38.14363636,38.14363636
20130405,37.45636364,38.94545455,37.45636364,38.71636364,56,2168,N/A,N/A,94433,27939,"NYSE","Basic Materials","Basic Materials/Agriculture","Common Stock",38.71636364,38.71636364
20130408,38.48727273,38.71636364,37.68545455,38.14363636,23,877,N/A,N/A,93036,27939,"NYSE","Basic Materials","Basic Materials/Agriculture","Common Stock",38.14363636,38.14363636
20130409,38.25818182,38.71636364,37.45636364,37.57090909,21,789,N/A,N/A,91639,27939,"NYSE","Basic Materials","Basic Materials/Agriculture","Common Stock",37.57090909,37.57090909
20130410,37.22727273,38.71636364,37.22727273,38.48727273,70,2694,N/A,N/A,93874,27939,"NYSE","Basic Materials","Basic Materials/Agriculture","Common Stock",38.48727273,38.48727273
20130411,38.02909091,39.06000000,37.45636364,39.06000000,72,2812,N/A,N/A,95271,27939,"NYSE","Basic Materials","Basic Materials/Agriculture","Common Stock",39.06000000,39.06000000
20130412,38.48727273,38.71636364,38.02909091,38.48727273,18,693,N/A,N/A,93874,27939,"NYSE","Basic Materials","Basic Materials/Agriculture","Common Stock",38.48727273,38.48727273
20130415,38.37272727,38.37272727,35.50909091,35.50909091,92,3267,N/A,N/A,86610,27939,"NYSE","Basic Materials","Basic Materials/Agriculture","Common Stock",35.50909091,35.50909091
20130416,35.85272727,36.54000000,35.85272727,36.08181818,42,1515,N/A,N/A,88007,27939,"NYSE","Basic Materials","Basic Materials/Agriculture","Common Stock",36.08181818,36.08181818
20130417,36.08181818,36.65454545,35.50909091,36.08181818,65,2345,N/A,N/A,88007,27939,"NYSE","Basic Materials","Basic Materials/Agriculture","Common Stock",36.08181818,36.08181818
20130418,36.31090909,36.31090909,34.36363636,34.36363636,73,2509,N/A,N/A,83817,27939,"NYSE","Basic Materials","Basic Materials/Agriculture","Common Stock",34.36363636,34.36363636
20130419,34.82181818,35.73818182,34.82181818,35.28000000,27,953,N/A,N/A,86052,27939,"NYSE","Basic Materials","Basic Materials/Agriculture","Common Stock",35.28000000,35.28000000
20130422,35.62363636,35.62363636,34.36363636,35.16545455,27,949,N/A,N/A,85772,27939,"NYSE","Basic Materials","Basic Materials/Agriculture","Common Stock",35.16545455,35.16545455
20130423,35.50909091,35.50909091,34.47818182,35.05090909,14,491,N/A,N/A,85493,27939,"NYSE","Basic Materials","Basic Materials/Agriculture","Common Stock",35.05090909,35.05090909
20130424,35.16545455,35.28000000,33.79090909,34.24909091,55,1884,N/A,N/A,83537,27939,"NYSE","Basic Materials","Basic Materials/Agriculture","Common Stock",34.24909091,34.24909091
20130425,34.24909091,35.39454545,33.90545455,35.16545455,32,1125,N/A,N/A,85772,27939,"NYSE","Basic Materials","Basic Materials/Agriculture","Common Stock",35.16545455,35.16545455
20130426,34.70727273,34.93636364,34.36363636,34.70727273,33,1145,N/A,N/A,84655,27939,"NYSE","Basic Materials","Basic Materials/Agriculture","Common Stock",34.70727273,34.70727273
20130429,34.02000000,34.93636364,34.02000000,34.13454545,26,887,N/A,N/A,83258,27939,"NYSE","Basic Materials","Basic Materials/Agriculture","Common Stock",34.13454545,34.13454545
20130430,34.36363636,34.93636364,34.36363636,34.82181818,19,662,N/A,N/A,84934,27939,"NYSE","Basic Materials","Basic Materials/Agriculture","Common Stock",34.82181818,34.82181818
20130501,34.82181818,34.82181818,33.79090909,33.79090909,38,1284,N/A,N/A,82420,27939,"NYSE","Basic Materials","Basic Materials/Agriculture","Common Stock",33.79090909,33.79090909
20130502,34.36363636,34.36363636,32.41636364,32.53090909,81,2635,N/A,N/A,79346,27939,"NYSE","Basic Materials","Basic Materials/Agriculture","Common Stock",32.53090909,32.53090909
20130503,32.98909091,33.79090909,32.98909091,32.98909091,42,1386,N/A,N/A,80464,27939,"NYSE","Basic Materials","Basic Materials/Agriculture","Common Stock",32.98909091,32.98909091
20130506,32.98909091,34.36363636,32.64545455,32.76000000,122,3997,N/A,N/A,79932,27948,"NYSE","Basic Materials","Basic Materials/Agriculture","Common Stock",32.76000000,32.76000000
20130507,33.10363636,34.13454545,32.76000000,32.76000000,76,2490,N/A,N/A,79932,27948,"NYSE","Basic Materials","Basic Materials/Agriculture","Common Stock",32.76000000,32.76000000
20130508,32.87454545,34.02000000,32.87454545,34.02000000,33,1123,N/A,N/A,83006,27948,"NYSE","Basic Materials","Basic Materials/Agriculture","Common Stock",34.02000000,34.02000000
20130509,33.90545455,34.36363636,33.90545455,34.13454545,17,580,N/A,N/A,83286,27948,"NYSE","Basic Materials","Basic Materials/Agriculture","Common Stock",34.13454545,34.13454545
20130510,34.36363636,34.93636364,34.13454545,34.70727273,29,1007,N/A,N/A,84683,27948,"NYSE","Basic Materials","Basic Materials/Agriculture","Common Stock",34.70727273,34.70727273
20130513,34.13454545,35.28000000,34.13454545,34.36363636,74,2543,N/A,N/A,83845,27948,"NYSE","Basic Materials","Basic Materials/Agriculture","Common Stock",34.36363636,34.36363636
20130514,34.47818182,34.93636364,33.56181818,33.56181818,82,2752,N/A,N/A,81888,27948,"NYSE","Basic Materials","Basic Materials/Agriculture","Common Stock",33.56181818,33.56181818
20130515,33.56181818,34.59272727,32.53090909,32.64545455,82,2677,N/A,N/A,79652,27948,"NYSE","Basic Materials","Basic Materials/Agriculture","Common Stock",32.64545455,32.64545455
20130516,32.64545455,33.10363636,31.84363636,32.30181818,125,4038,N/A,N/A,78814,27948,"NYSE","Basic Materials","Basic Materials/Agriculture","Common Stock",32.30181818,32.30181818
20130517,32.07272727,32.98909091,32.07272727,32.30181818,41,1324,N/A,N/A,78814,27948,"NYSE","Basic Materials","Basic Materials/Agriculture","Common Stock",32.30181818,32.30181818
20130520,32.41636364,33.21818182,32.41636364,32.64545455,53,1730,N/A,N/A,79652,27948,"NYSE","Basic Materials","Basic Materials/Agriculture","Common Stock",32.64545455,32.64545455
20130521,32.64545455,33.79090909,32.64545455,33.44727273,38,1271,N/A,N/A,81609,27948,"NYSE","Basic Materials","Basic Materials/Agriculture","Common Stock",33.44727273,33.44727273
20130522,33.44727273,34.13454545,33.44727273,33.56181818,79,2651,N/A,N/A,81888,27948,"NYSE","Basic Materials","Basic Materials/Agriculture","Common Stock",33.56181818,33.56181818
20130523,33.56181818,34.02000000,33.21818182,33.21818182,70,2325,N/A,N/A,81050,27948,"NYSE","Basic Materials","Basic Materials/Agriculture","Common Stock",33.21818182,33.21818182
20130524,33.21818182,33.90545455,33.21818182,33.79090909,21,710,N/A,N/A,82447,27948,"NYSE","Basic Materials","Basic Materials/Agriculture","Common Stock",33.79090909,33.79090909
20130527,33.21818182,33.90545455,33.21818182,33.79090909,0,0,N/A,N/A,0,0,"NYSE","Basic Materials","Basic Materials/Agriculture","Common Stock",2.95000000,33.79090909
20130528,33.90545455,34.93636364,33.33272727,34.13454545,81,2765,N/A,N/A,83286,27948,"NYSE","Basic Materials","Basic Materials/Agriculture","Common Stock",34.13454545,34.13454545
20130529,34.24909091,34.36363636,33.56181818,33.67636364,66,2223,N/A,N/A,82168,27948,"NYSE","Basic Materials","Basic Materials/Agriculture","Common Stock",33.67636364,33.67636364
20130530,33.67636364,33.67636364,32.87454545,33.10363636,67,2218,N/A,N/A,80770,27948,"NYSE","Basic Materials","Basic Materials/Agriculture","Common Stock",33.10363636,33.10363636
20130531,32.76000000,33.56181818,32.76000000,33.10363636,39,1291,N/A,N/A,80770,27948,"NYSE","Basic Materials","Basic Materials/Agriculture","Common Stock",33.10363636,33.10363636
20130603,32.87454545,33.21818182,32.64545455,33.21818182,44,1462,N/A,N/A,81050,27948,"NYSE","Basic Materials","Basic Materials/Agriculture","Common Stock",33.21818182,33.21818182
20130604,32.98909091,33.33272727,32.98909091,33.21818182,18,598,N/A,N/A,81050,27948,"NYSE","Basic Materials","Basic Materials/Agriculture","Common Stock",33.21818182,33.21818182
20130605,32.98909091,33.21818182,32.18727273,32.18727273,30,966,N/A,N/A,78535,27948,"NYSE","Basic Materials","Basic Materials/Agriculture","Common Stock",32.18727273,32.18727273
20130606,32.53090909,32.53090909,32.18727273,32.30181818,28,904,N/A,N/A,78814,27948,"NYSE","Basic Materials","Basic Materials/Agriculture","Common Stock",32.30181818,32.30181818
20130607,32.30181818,32.53090909,32.07272727,32.07272727,20,641,N/A,N/A,78255,27948,"NYSE","Basic Materials","Basic Materials/Agriculture","Common Stock",32.07272727,32.07272727
20130610,32.41636364,32.53090909,32.07272727,32.07272727,23,738,N/A,N/A,78255,27948,"NYSE","Basic Materials","Basic Materials/Agriculture","Common Stock",32.07272727,32.07272727
20130611,32.07272727,32.76000000,31.84363636,32.76000000,38,1245,N/A,N/A,79932,27948,"NYSE","Basic Materials","Basic Materials/Agriculture","Common Stock",32.76000000,32.76000000
20130612,32.64545455,33.10363636,32.07272727,32.30181818,9,291,N/A,N/A,78814,27948,"NYSE","Basic Materials","Basic Materials/Agriculture","Common Stock",32.30181818,32.30181818
20130613,32.07272727,33.21818182,32.07272727,33.21818182,45,1495,N/A,N/A,81050,27948,"NYSE","Basic Materials","Basic Materials/Agriculture","Common Stock",33.21818182,33.21818182
20130614,32.87454545,32.98909091,32.41636364,32.64545455,20,653,N/A,N/A,79652,27948,"NYSE","Basic Materials","Basic Materials/Agriculture","Common Stock",32.64545455,32.64545455
20130617,32.30181818,32.64545455,32.07272727,32.18727273,41,1320,N/A,N/A,78535,27948,"NYSE","Basic Materials","Basic Materials/Agriculture","Common Stock",32.18727273,32.18727273
20130618,32.18727273,32.41636364,32.07272727,32.18727273,44,1416,N/A,N/A,78535,27948,"NYSE","Basic Materials","Basic Materials/Agriculture","Common Stock",32.18727273,32.18727273
20130619,32.07272727,32.64545455,32.07272727,32.30181818,16,517,N/A,N/A,78814,27948,"NYSE","Basic Materials","Basic Materials/Agriculture","Common Stock",32.30181818,32.30181818
20130620,32.18727273,32.41636364,32.07272727,32.18727273,30,966,N/A,N/A,78535,27948,"NYSE","Basic Materials","Basic Materials/Agriculture","Common Stock",32.18727273,32.18727273
20130621,32.64545455,32.64545455,32.18727273,32.53090909,24,781,N/A,N/A,79373,27948,"NYSE","Basic Materials","Basic Materials/Agriculture","Common Stock",32.53090909,32.53090909
20130624,32.41636364,32.41636364,32.07272727,32.07272727,32,1026,N/A,N/A,78255,27948,"NYSE","Basic Materials","Basic Materials/Agriculture","Common Stock",32.07272727,32.07272727
20130625,32.07272727,32.30181818,31.95818182,31.95818182,21,671,N/A,N/A,77976,27948,"NYSE","Basic Materials","Basic Materials/Agriculture","Common Stock",31.95818182,31.95818182
20130626,31.95818182,33.10363636,31.95818182,32.98909091,27,891,N/A,N/A,80491,27948,"NYSE","Basic Materials","Basic Materials/Agriculture","Common Stock",32.98909091,32.98909091
20130627,32.76000000,32.98909091,32.30181818,32.98909091,21,693,N/A,N/A,80491,27948,"NYSE","Basic Materials","Basic Materials/Agriculture","Common Stock",32.98909091,32.98909091
20130628,32.98909091,32.98909091,32.07272727,32.41636364,31,1005,N/A,N/A,79094,27948,"NYSE","Basic Materials","Basic Materials/Agriculture","Common Stock",32.41636364,32.41636364
20130701,32.98909091,32.98909091,32.18727273,32.18727273,28,901,N/A,N/A,78535,27948,"NYSE","Basic Materials","Basic Materials/Agriculture","Common Stock",32.18727273,32.18727273
20130702,32.07272727,32.87454545,32.07272727,32.76000000,39,1278,N/A,N/A,79932,27948,"NYSE","Basic Materials","Basic Materials/Agriculture","Common Stock",32.76000000,32.76000000
20130703,32.30181818,32.64545455,32.30181818,32.41636364,5,162,N/A,N/A,79094,27948,"NYSE","Basic Materials","Basic Materials/Agriculture","Common Stock",32.41636364,32.41636364
20130704,32.30181818,32.64545455,32.30181818,32.41636364,0,0,N/A,N/A,0,0,"NYSE","Basic Materials","Basic Materials/Agriculture","Common Stock",2.83000000,32.41636364
20130705,32.41636364,32.64545455,31.27090909,31.38545455,88,2762,N/A,N/A,76578,27948,"NYSE","Basic Materials","Basic Materials/Agriculture","Common Stock",31.38545455,31.38545455
20130708,31.38545455,31.50000000,29.78181818,29.89636364,124,3707,N/A,N/A,72945,27948,"NYSE","Basic Materials","Basic Materials/Agriculture","Common Stock",29.89636364,29.89636364
20130709,29.66727273,30.24000000,29.43818182,30.24000000,81,2449,N/A,N/A,73783,27948,"NYSE","Basic Materials","Basic Materials/Agriculture","Common Stock",30.24000000,30.24000000
20130710,30.01090909,31.72909091,30.01090909,30.92727273,22,680,N/A,N/A,75460,27948,"NYSE","Basic Materials","Basic Materials/Agriculture","Common Stock",30.92727273,30.92727273
20130711,32.07272727,32.53090909,31.72909091,31.95818182,74,2365,N/A,N/A,77976,27948,"NYSE","Basic Materials","Basic Materials/Agriculture","Common Stock",31.95818182,31.95818182
20130712,31.95818182,32.30181818,31.61454545,31.84363636,22,701,N/A,N/A,77696,27948,"NYSE","Basic Materials","Basic Materials/Agriculture","Common Stock",31.84363636,31.84363636
20130715,32.53090909,32.98909091,31.84363636,32.30181818,86,2778,N/A,N/A,78814,27948,"NYSE","Basic Materials","Basic Materials/Agriculture","Common Stock",32.30181818,32.30181818
20130716,32.07272727,32.30181818,31.95818182,32.30181818,49,1583,N/A,N/A,78814,27948,"NYSE","Basic Materials","Basic Materials/Agriculture","Common Stock",32.30181818,32.30181818
20130717,32.41636364,32.76000000,31.72909091,32.07272727,70,2245,N/A,N/A,78255,27948,"NYSE","Basic Materials","Basic Materials/Agriculture","Common Stock",32.07272727,32.07272727
20130718,32.07272727,33.10363636,31.84363636,32.18727273,62,1996,N/A,N/A,78535,27948,"NYSE","Basic Materials","Basic Materials/Agriculture","Common Stock",32.18727273,32.18727273
20130719,32.53090909,32.53090909,31.61454545,31.95818182,39,1246,N/A,N/A,77976,27948,"NYSE","Basic Materials","Basic Materials/Agriculture","Common Stock",31.95818182,31.95818182
20130722,32.18727273,32.53090909,31.84363636,32.07272727,36,1155,N/A,N/A,78255,27948,"NYSE","Basic Materials","Basic Materials/Agriculture","Common Stock",32.07272727,32.07272727
20130723,32.30181818,32.76000000,32.07272727,32.64545455,105,3428,N/A,N/A,79652,27948,"NYSE","Basic Materials","Basic Materials/Agriculture","Common Stock",32.64545455,32.64545455
20130724,32.18727273,33.10363636,32.18727273,32.18727273,89,2865,N/A,N/A,78535,27948,"NYSE","Basic Materials","Basic Materials/Agriculture","Common Stock",32.18727273,32.18727273
20130725,32.30181818,32.98909091,32.30181818,32.64545455,48,1567,N/A,N/A,79652,27948,"NYSE","Basic Materials","Basic Materials/Agriculture","Common Stock",32.64545455,32.64545455
20130726,32.76000000,34.02000000,32.76000000,33.79090909,59,1994,N/A,N/A,82447,27948,"NYSE","Basic Materials","Basic Materials/Agriculture","Common Stock",33.79090909,33.79090909
20130729,33.79090909,33.90545455,33.10363636,33.21818182,54,1794,N/A,N/A,81050,27948,"NYSE","Basic Materials","Basic Materials/Agriculture","Common Stock",33.21818182,33.21818182
20130730,33.21818182,33.21818182,32.64545455,32.98909091,45,1485,N/A,N/A,80491,27948,"NYSE","Basic Materials","Basic Materials/Agriculture","Common Stock",32.98909091,32.98909091
20130731,33.10363636,33.10363636,32.41636364,32.41636364,38,1232,N/A,N/A,79094,27948,"NYSE","Basic Materials","Basic Materials/Agriculture","Common Stock",32.41636364,32.41636364
20130801,34.02000000,34.02000000,32.18727273,32.30181818,92,2972,N/A,N/A,78814,27948,"NYSE","Basic Materials","Basic Materials/Agriculture","Common Stock",32.30181818,32.30181818
20130802,32.87454545,33.44727273,32.64545455,32.76000000,42,1376,N/A,N/A,79932,27948,"NYSE","Basic Materials","Basic Materials/Agriculture","Common Stock",32.76000000,32.76000000
20130805,32.76000000,33.21818182,32.64545455,32.98909091,52,1715,N/A,N/A,80491,27948,"NYSE","Basic Materials","Basic Materials/Agriculture","Common Stock",32.98909091,32.98909091
20130806,33.21818182,33.67636364,32.76000000,32.98909091,63,2078,N/A,N/A,80491,27948,"NYSE","Basic Materials","Basic Materials/Agriculture","Common Stock",32.98909091,32.98909091
20130807,32.87454545,34.02000000,32.64545455,32.98909091,60,1979,N/A,N/A,80491,27948,"NYSE","Basic Materials","Basic Materials/Agriculture","Common Stock",32.98909091,32.98909091
20130808,33.10363636,33.21818182,32.64545455,32.76000000,70,2293,N/A,N/A,79932,27948,"NYSE","Basic Materials","Basic Materials/Agriculture","Common Stock",32.76000000,32.76000000
20130809,32.98909091,33.44727273,32.76000000,32.98909091,99,3266,N/A,N/A,80491,27948,"NYSE","Basic Materials","Basic Materials/Agriculture","Common Stock",32.98909091,32.98909091
20130812,33.33272727,35.16545455,33.21818182,35.05090909,155,5433,N/A,N/A,85522,27948,"NYSE","Basic Materials","Basic Materials/Agriculture","Common Stock",35.05090909,35.05090909
20130813,35.05090909,39.06000000,34.70727273,38.83090909,345,13397,N/A,N/A,94745,27948,"NYSE","Basic Materials","Basic Materials/Agriculture","Common Stock",38.83090909,38.83090909
20130814,38.94545455,41.23636364,38.83090909,40.54909091,190,7704,N/A,N/A,98937,27948,"NYSE","Basic Materials","Basic Materials/Agriculture","Common Stock",40.54909091,40.54909091
20130815,40.09090909,40.09090909,38.02909091,38.94545455,96,3739,N/A,N/A,95024,27948,"NYSE","Basic Materials","Basic Materials/Agriculture","Common Stock",38.94545455,38.94545455
20130816,39.28909091,39.28909091,37.45636364,38.37272727,67,2571,N/A,N/A,93627,27948,"NYSE","Basic Materials","Basic Materials/Agriculture","Common Stock",38.37272727,38.37272727
20130819,38.83090909,41.23636364,38.71636364,39.97636364,161,6436,N/A,N/A,97539,27948,"NYSE","Basic Materials","Basic Materials/Agriculture","Common Stock",39.97636364,39.97636364
20130820,40.09090909,40.66363636,38.60181818,38.60181818,82,3165,N/A,N/A,94186,27948,"NYSE","Basic Materials","Basic Materials/Agriculture","Common Stock",38.60181818,38.60181818
20130821,38.48727273,38.60181818,37.80000000,37.80000000,37,1399,N/A,N/A,92229,27948,"NYSE","Basic Materials","Basic Materials/Agriculture","Common Stock",37.80000000,37.80000000
20130822,38.37272727,38.71636364,38.14363636,38.14363636,38,1449,N/A,N/A,93068,27948,"NYSE","Basic Materials","Basic Materials/Agriculture","Common Stock",38.14363636,38.14363636
20130823,38.48727273,38.48727273,37.22727273,38.14363636,67,2556,N/A,N/A,93068,27948,"NYSE","Basic Materials","Basic Materials/Agriculture","Common Stock",38.14363636,38.14363636
20130826,38.02909091,38.83090909,38.02909091,38.37272727,27,1036,N/A,N/A,93627,27948,"NYSE","Basic Materials","Basic Materials/Agriculture","Common Stock",38.37272727,38.37272727
20130827,38.14363636,38.83090909,37.80000000,38.25818182,32,1224,N/A,N/A,93347,27948,"NYSE","Basic Materials","Basic Materials/Agriculture","Common Stock",38.25818182,38.25818182
20130828,38.02909091,38.02909091,37.45636364,37.68545455,25,942,N/A,N/A,91950,27948,"NYSE","Basic Materials","Basic Materials/Agriculture","Common Stock",37.68545455,37.68545455
20130829,38.02909091,40.09090909,37.45636364,39.97636364,74,2958,N/A,N/A,97539,27948,"NYSE","Basic Materials","Basic Materials/Agriculture","Common Stock",39.97636364,39.97636364
20130830,40.09090909,40.09090909,38.37272727,38.37272727,25,959,N/A,N/A,93627,27948,"NYSE","Basic Materials","Basic Materials/Agriculture","Common Stock",38.37272727,38.37272727
20130902,40.09090909,40.09090909,38.37272727,38.37272727,0,0,N/A,N/A,0,0,"NYSE","Basic Materials","Basic Materials/Agriculture","Common Stock",3.35000000,38.37272727
20130903,39.17454545,40.09090909,38.37272727,39.74727273,90,3577,N/A,N/A,96980,27948,"NYSE","Basic Materials","Basic Materials/Agriculture","Common Stock",39.74727273,39.74727273
20130904,39.63272727,40.09090909,38.71636364,40.09090909,65,2606,N/A,N/A,97819,27948,"NYSE","Basic Materials","Basic Materials/Agriculture","Common Stock",40.09090909,40.09090909
20130905,40.09090909,40.09090909,39.86181818,39.86181818,43,1714,N/A,N/A,97260,27948,"NYSE","Basic Materials","Basic Materials/Agriculture","Common Stock",39.86181818,39.86181818
20130906,39.86181818,40.09090909,39.28909091,40.09090909,110,4410,N/A,N/A,97819,27948,"NYSE","Basic Materials","Basic Materials/Agriculture","Common Stock",40.09090909,40.09090909
20130909,40.09090909,44.90181818,39.86181818,44.32909091,508,22519,N/A,N/A,108160,27948,"NYSE","Basic Materials","Basic Materials/Agriculture","Common Stock",44.32909091,44.32909091
20130910,45.01636364,46.96363636,43.06909091,44.90181818,346,15536,N/A,N/A,109557,27948,"NYSE","Basic Materials","Basic Materials/Agriculture","Common Stock",44.90181818,44.90181818
20130911,45.01636364,46.39090909,43.52727273,46.16181818,146,6740,N/A,N/A,112631,27948,"NYSE","Basic Materials","Basic Materials/Agriculture","Common Stock",46.16181818,46.16181818
20130912,45.93272727,47.99454545,43.75636364,46.39090909,256,11876,N/A,N/A,113190,27948,"NYSE","Basic Materials","Basic Materials/Agriculture","Common Stock",46.39090909,46.39090909
20130913,45.93272727,47.53636364,45.93272727,46.96363636,92,4321,N/A,N/A,114588,27948,"NYSE","Basic Materials","Basic Materials/Agriculture","Common Stock",46.96363636,46.96363636
20130916,47.53636364,47.53636364,45.81818182,46.04727273,198,9117,N/A,N/A,112352,27948,"NYSE","Basic Materials","Basic Materials/Agriculture","Common Stock",46.04727273,46.04727273
20130917,45.93272727,46.39090909,45.93272727,46.27636364,59,2730,N/A,N/A,112911,27948,"NYSE","Basic Materials","Basic Materials/Agriculture","Common Stock",46.27636364,46.27636364
20130918,45.93272727,46.50545455,45.81818182,45.81818182,108,4948,N/A,N/A,111793,27948,"NYSE","Basic Materials","Basic Materials/Agriculture","Common Stock",45.81818182,45.81818182
20130919,46.04727273,46.39090909,44.21454545,44.44363636,112,4978,N/A,N/A,108439,27948,"NYSE","Basic Materials","Basic Materials/Agriculture","Common Stock",44.44363636,44.44363636
20130920,44.10000000,44.55818182,42.49636364,43.64181818,95,4146,N/A,N/A,106483,27948,"NYSE","Basic Materials","Basic Materials/Agriculture","Common Stock",43.64181818,43.64181818
20130923,44.10000000,46.96363636,43.87090909,46.96363636,125,5870,N/A,N/A,114588,27948,"NYSE","Basic Materials","Basic Materials/Agriculture","Common Stock",46.96363636,46.96363636
20130924,46.96363636,48.45272727,45.58909091,48.22363636,169,8150,N/A,N/A,117662,27948,"NYSE","Basic Materials","Basic Materials/Agriculture","Common Stock",48.22363636,48.22363636
20130925,48.45272727,53.60727273,47.53636364,51.77454545,326,16879,N/A,N/A,126326,27948,"NYSE","Basic Materials","Basic Materials/Agriculture","Common Stock",51.77454545,51.77454545
20130926,52.69090909,53.72181818,49.59818182,50.62909091,181,9164,N/A,N/A,123531,27948,"NYSE","Basic Materials","Basic Materials/Agriculture","Common Stock",50.62909091,50.62909091
20130927,50.17090909,50.51454545,48.33818182,49.02545455,102,5001,N/A,N/A,119618,27948,"NYSE","Basic Materials","Basic Materials/Agriculture","Common Stock",49.02545455,49.02545455
20130930,48.91090909,52.69090909,48.10909091,52.11818182,140,7297,N/A,N/A,127164,27948,"NYSE","Basic Materials","Basic Materials/Agriculture","Common Stock",52.11818182,52.11818182
20131001,52.69090909,52.69090909,49.48363636,49.94181818,132,6592,N/A,N/A,121854,27948,"NYSE","Basic Materials","Basic Materials/Agriculture","Common Stock",49.94181818,49.94181818
20131002,49.71272727,52.23272727,49.36909091,51.77454545,122,6316,N/A,N/A,126326,27948,"NYSE","Basic Materials","Basic Materials/Agriculture","Common Stock",51.77454545,51.77454545
20131003,51.54545455,54.75272727,51.08727273,53.83636364,206,11090,N/A,N/A,131357,27948,"NYSE","Basic Materials","Basic Materials/Agriculture","Common Stock",53.83636364,53.83636364
20131004,54.18000000,58.41818182,53.26363636,56.70000000,375,21263,N/A,N/A,138344,27948,"NYSE","Basic Materials","Basic Materials/Agriculture","Common Stock",56.70000000,56.70000000
20131007,57.27272727,57.73090909,54.98181818,55.44000000,193,10700,N/A,N/A,135269,27948,"NYSE","Basic Materials","Basic Materials/Agriculture","Common Stock",55.44000000,55.44000000
20131008,55.32545455,55.44000000,49.25454545,49.82727273,264,13154,N/A,N/A,121575,27948,"NYSE","Basic Materials","Basic Materials/Agriculture","Common Stock",49.82727273,49.82727273
20131009,47.99454545,49.59818182,44.44363636,49.48363636,259,12816,N/A,N/A,120736,27948,"NYSE","Basic Materials","Basic Materials/Agriculture","Common Stock",49.48363636,49.48363636
20131010,49.82727273,52.23272727,49.02545455,50.97272727,146,7442,N/A,N/A,124370,27948,"NYSE","Basic Materials","Basic Materials/Agriculture","Common Stock",50.97272727,50.97272727
20131011,52.57636364,52.92000000,51.08727273,52.11818182,106,5525,N/A,N/A,127164,27948,"NYSE","Basic Materials","Basic Materials/Agriculture","Common Stock",52.11818182,52.11818182
20131014,52.69090909,52.69090909,50.17090909,51.54545455,87,4484,N/A,N/A,125767,27948,"NYSE","Basic Materials","Basic Materials/Agriculture","Common Stock",51.54545455,51.54545455
20131015,51.08727273,54.06545455,50.40000000,52.57636364,239,12566,N/A,N/A,128282,27948,"NYSE","Basic Materials","Basic Materials/Agriculture","Common Stock",52.57636364,52.57636364
20131016,52.92000000,55.21090909,51.88909091,52.80545455,245,12937,N/A,N/A,128841,27948,"NYSE","Basic Materials","Basic Materials/Agriculture","Common Stock",52.80545455,52.80545455
20131017,53.26363636,55.55454545,52.46181818,54.06545455,215,11624,N/A,N/A,131916,27948,"NYSE","Basic Materials","Basic Materials/Agriculture","Common Stock",54.06545455,54.06545455
20131018,54.98181818,56.35636364,53.26363636,53.49272727,208,11126,N/A,N/A,130518,27948,"NYSE","Basic Materials","Basic Materials/Agriculture","Common Stock",53.49272727,53.49272727
20131021,53.83636364,54.75272727,49.94181818,52.69090909,255,13436,N/A,N/A,128562,27948,"NYSE","Basic Materials","Basic Materials/Agriculture","Common Stock",52.69090909,52.69090909
20131022,53.26363636,53.26363636,50.74363636,51.31636364,106,5440,N/A,N/A,125208,27948,"NYSE","Basic Materials","Basic Materials/Agriculture","Common Stock",51.31636364,51.31636364
20131023,51.54545455,53.83636364,50.05636364,52.34727273,138,7224,N/A,N/A,127723,27948,"NYSE","Basic Materials","Basic Materials/Agriculture","Common Stock",52.34727273,52.34727273
20131024,52.46181818,53.03454545,51.08727273,51.88909091,105,5448,N/A,N/A,126606,27948,"NYSE","Basic Materials","Basic Materials/Agriculture","Common Stock",51.88909091,51.88909091
20131025,52.00363636,52.00363636,48.10909091,48.79636364,168,8198,N/A,N/A,119059,27948,"NYSE","Basic Materials","Basic Materials/Agriculture","Common Stock",48.79636364,48.79636364
20131028,48.79636364,49.14000000,45.47454545,46.39090909,341,15819,N/A,N/A,113190,27948,"NYSE","Basic Materials","Basic Materials/Agriculture","Common Stock",46.39090909,46.39090909
20131029,46.39090909,48.10909091,44.78727273,47.07818182,122,5744,N/A,N/A,114867,27948,"NYSE","Basic Materials","Basic Materials/Agriculture","Common Stock",47.07818182,47.07818182
20131030,46.73454545,47.42181818,45.36000000,45.47454545,75,3411,N/A,N/A,110954,27948,"NYSE","Basic Materials","Basic Materials/Agriculture","Common Stock",45.47454545,45.47454545
20131031,45.13090909,46.39090909,44.78727273,45.13090909,54,2437,N/A,N/A,110116,27948,"NYSE","Basic Materials","Basic Materials/Agriculture","Common Stock",45.13090909,45.13090909
20131101,44.90181818,45.70363636,44.90181818,45.70363636,52,2377,N/A,N/A,111513,27948,"NYSE","Basic Materials","Basic Materials/Agriculture","Common Stock",45.70363636,45.70363636
20131104,45.81818182,46.27636364,45.13090909,46.04727273,77,3546,N/A,N/A,112352,27948,"NYSE","Basic Materials","Basic Materials/Agriculture","Common Stock",46.04727273,46.04727273
20131105,46.39090909,48.68181818,46.39090909,47.30727273,159,7522,N/A,N/A,131417,31820,"NYSE","Basic Materials","Basic Materials/Agriculture","Common Stock",47.30727273,47.30727273
20131106,47.99454545,49.48363636,47.76545455,49.36909091,86,4246,N/A,N/A,137145,31820,"NYSE","Basic Materials","Basic Materials/Agriculture","Common Stock",49.36909091,49.36909091
20131107,49.48363636,49.82727273,48.22363636,48.33818182,58,2804,N/A,N/A,134281,31820,"NYSE","Basic Materials","Basic Materials/Agriculture","Common Stock",48.33818182,48.33818182
20131108,47.99454545,49.71272727,47.07818182,49.48363636,75,3711,N/A,N/A,137463,31820,"NYSE","Basic Materials","Basic Materials/Agriculture","Common Stock",49.48363636,49.48363636
20131111,51.20181818,52.69090909,50.62909091,52.23272727,129,6738,N/A,N/A,145100,31820,"NYSE","Basic Materials","Basic Materials/Agriculture","Common Stock",52.23272727,52.23272727
20131112,52.34727273,52.34727273,47.88000000,47.99454545,324,15550,N/A,N/A,133327,31820,"NYSE","Basic Materials","Basic Materials/Agriculture","Common Stock",47.99454545,47.99454545
20131113,47.88000000,48.56727273,45.81818182,46.84909091,147,6887,N/A,N/A,130145,31820,"NYSE","Basic Materials","Basic Materials/Agriculture","Common Stock",46.84909091,46.84909091
20131114,47.53636364,48.56727273,46.96363636,48.10909091,53,2550,N/A,N/A,133645,31820,"NYSE","Basic Materials","Basic Materials/Agriculture","Common Stock",48.10909091,48.10909091
20131115,47.88000000,50.74363636,47.88000000,48.68181818,115,5598,N/A,N/A,135236,31820,"NYSE","Basic Materials","Basic Materials/Agriculture","Common Stock",48.68181818,48.68181818
20131118,49.25454545,49.25454545,46.39090909,46.62000000,124,5781,N/A,N/A,129508,31820,"NYSE","Basic Materials","Basic Materials/Agriculture","Common Stock",46.62000000,46.62000000
20131119,45.81818182,46.84909091,45.81818182,46.04727273,70,3223,N/A,N/A,127917,31820,"NYSE","Basic Materials","Basic Materials/Agriculture","Common Stock",46.04727273,46.04727273
20131120,46.04727273,46.50545455,43.52727273,44.44363636,153,6800,N/A,N/A,123462,31820,"NYSE","Basic Materials","Basic Materials/Agriculture","Common Stock",44.44363636,44.44363636
20131121,45.24545455,45.24545455,43.87090909,45.01636364,34,1531,N/A,N/A,125053,31820,"NYSE","Basic Materials","Basic Materials/Agriculture","Common Stock",45.01636364,45.01636364
20131122,46.96363636,46.96363636,45.36000000,46.50545455,63,2930,N/A,N/A,129190,31820,"NYSE","Basic Materials","Basic Materials/Agriculture","Common Stock",46.50545455,46.50545455
20131125,46.96363636,46.96363636,45.58909091,45.70363636,38,1737,N/A,N/A,126963,31820,"NYSE","Basic Materials","Basic Materials/Agriculture","Common Stock",45.70363636,45.70363636
20131126,45.58909091,45.70363636,43.64181818,45.13090909,115,5190,N/A,N/A,125371,31820,"NYSE","Basic Materials","Basic Materials/Agriculture","Common Stock",45.13090909,45.13090909
20131127,45.24545455,46.50545455,43.75636364,45.36000000,53,2404,N/A,N/A,126008,31820,"NYSE","Basic Materials","Basic Materials/Agriculture","Common Stock",45.36000000,45.36000000
20131128,45.24545455,46.50545455,43.75636364,45.36000000,0,0,N/A,N/A,0,0,"NYSE","Basic Materials","Basic Materials/Agriculture","Common Stock",3.96000000,45.36000000
20131129,45.24545455,46.73454545,43.87090909,46.50545455,80,3720,N/A,N/A,129190,31820,"NYSE","Basic Materials","Basic Materials/Agriculture","Common Stock",46.50545455,46.50545455
20131202,46.39090909,46.96363636,45.81818182,45.81818182,58,2657,N/A,N/A,127281,31820,"NYSE","Basic Materials","Basic Materials/Agriculture","Common Stock",45.81818182,45.81818182
20131203,45.81818182,46.50545455,44.78727273,45.13090909,33,1489,N/A,N/A,125371,31820,"NYSE","Basic Materials","Basic Materials/Agriculture","Common Stock",45.13090909,45.13090909
20131204,45.24545455,45.58909091,44.10000000,45.01636364,45,2026,N/A,N/A,125053,31820,"NYSE","Basic Materials","Basic Materials/Agriculture","Common Stock",45.01636364,45.01636364
20131205,44.67272727,44.78727273,43.75636364,43.75636364,48,2100,N/A,N/A,121553,31820,"NYSE","Basic Materials","Basic Materials/Agriculture","Common Stock",43.75636364,43.75636364
20131206,44.10000000,44.90181818,44.10000000,44.90181818,50,2245,N/A,N/A,124735,31820,"NYSE","Basic Materials","Basic Materials/Agriculture","Common Stock",44.90181818,44.90181818
20131209,45.01636364,45.70363636,43.75636364,44.10000000,100,4410,N/A,N/A,122508,31820,"NYSE","Basic Materials","Basic Materials/Agriculture","Common Stock",44.10000000,44.10000000
20131210,43.75636364,43.87090909,42.95454545,42.95454545,93,3995,N/A,N/A,119326,31820,"NYSE","Basic Materials","Basic Materials/Agriculture","Common Stock",42.95454545,42.95454545
20131211,42.72545455,43.18363636,40.20545455,40.54909091,178,7218,N/A,N/A,112643,31820,"NYSE","Basic Materials","Basic Materials/Agriculture","Common Stock",40.54909091,40.54909091
20131212,40.43454545,41.00727273,40.20545455,40.66363636,45,1830,N/A,N/A,112962,31820,"NYSE","Basic Materials","Basic Materials/Agriculture","Common Stock",40.66363636,40.66363636
20131213,40.43454545,41.00727273,40.32000000,40.32000000,50,2016,N/A,N/A,112007,31820,"NYSE","Basic Materials","Basic Materials/Agriculture","Common Stock",40.32000000,40.32000000
20131216,40.32000000,43.41272727,40.32000000,42.84000000,109,4670,N/A,N/A,119007,31820,"NYSE","Basic Materials","Basic Materials/Agriculture","Common Stock",42.84000000,42.84000000
20131217,42.38181818,44.21454545,42.15272727,43.41272727,65,2822,N/A,N/A,120598,31820,"NYSE","Basic Materials","Basic Materials/Agriculture","Common Stock",43.41272727,43.41272727
20131218,43.29818182,43.41272727,42.84000000,42.95454545,45,1933,N/A,N/A,119326,31820,"NYSE","Basic Materials","Basic Materials/Agriculture","Common Stock",42.95454545,42.95454545
20131219,42.95454545,43.29818182,41.35090909,41.80909091,50,2090,N/A,N/A,116144,31820,"NYSE","Basic Materials","Basic Materials/Agriculture","Common Stock",41.80909091,41.80909091
20131220,41.58000000,43.52727273,41.35090909,42.95454545,175,7517,N/A,N/A,119326,31820,"NYSE","Basic Materials","Basic Materials/Agriculture","Common Stock",42.95454545,42.95454545
20131223,42.72545455,44.32909091,42.38181818,43.64181818,122,5324,N/A,N/A,121235,31820,"NYSE","Basic Materials","Basic Materials/Agriculture","Common Stock",43.64181818,43.64181818
20131224,44.21454545,45.93272727,44.10000000,44.67272727,119,5316,N/A,N/A,124099,31820,"NYSE","Basic Materials","Basic Materials/Agriculture","Common Stock",44.67272727,44.67272727
20131225,44.21454545,45.93272727,44.10000000,44.67272727,0,0,N/A,N/A,0,0,"NYSE","Basic Materials","Basic Materials/Agriculture","Common Stock",3.90000000,44.67272727
20131226,43.29818182,45.13090909,43.29818182,44.55818182,84,3743,N/A,N/A,123780,31820,"NYSE","Basic Materials","Basic Materials/Agriculture","Common Stock",44.55818182,44.55818182
20131227,45.24545455,45.58909091,43.87090909,44.10000000,74,3263,N/A,N/A,122508,31820,"NYSE","Basic Materials","Basic Materials/Agriculture","Common Stock",44.10000000,44.10000000
20131230,43.87090909,44.44363636,42.03818182,42.38181818,140,5933,N/A,N/A,117735,31820,"NYSE","Basic Materials","Basic Materials/Agriculture","Common Stock",42.38181818,42.38181818
20131231,42.72545455,43.41272727,41.46545455,41.46545455,105,4354,N/A,N/A,115189,31820,"NYSE","Basic Materials","Basic Materials/Agriculture","Common Stock",41.46545455,41.46545455
20140101,42.72545455,43.41272727,41.46545455,41.46545455,0,0,N/A,N/A,0,0,"NYSE","Basic Materials","Basic Materials/Agriculture","Common Stock",3.62000000,41.46545455
20140102,41.23636364,42.95454545,41.00727273,41.80909091,118,4933,N/A,N/A,116144,31820,"NYSE","Basic Materials","Basic Materials/Agriculture","Common Stock",41.80909091,41.80909091
20140103,41.80909091,43.52727273,41.80909091,42.72545455,144,6152,N/A,N/A,118689,31820,"NYSE","Basic Materials","Basic Materials/Agriculture","Common Stock",42.72545455,42.72545455
20140106,44.67272727,45.24545455,43.29818182,43.75636364,125,5470,N/A,N/A,121553,31820,"NYSE","Basic Materials","Basic Materials/Agriculture","Common Stock",43.75636364,43.75636364
20140107,44.10000000,45.47454545,44.10000000,44.67272727,70,3127,N/A,N/A,124099,31820,"NYSE","Basic Materials","Basic Materials/Agriculture","Common Stock",44.67272727,44.67272727
20140108,45.36000000,45.81818182,44.10000000,44.32909091,110,4876,N/A,N/A,123144,31820,"NYSE","Basic Materials","Basic Materials/Agriculture","Common Stock",44.32909091,44.32909091
20140109,44.90181818,44.90181818,42.95454545,42.95454545,63,2706,N/A,N/A,119326,31820,"NYSE","Basic Materials","Basic Materials/Agriculture","Common Stock",42.95454545,42.95454545
20140110,42.95454545,43.98545455,42.95454545,43.06909091,66,2843,N/A,N/A,119644,31820,"NYSE","Basic Materials","Basic Materials/Agriculture","Common Stock",43.06909091,43.06909091
20140113,43.98545455,44.32909091,43.29818182,43.64181818,45,1964,N/A,N/A,121235,31820,"NYSE","Basic Materials","Basic Materials/Agriculture","Common Stock",43.64181818,43.64181818
20140114,43.87090909,45.13090909,43.87090909,44.67272727,87,3887,N/A,N/A,124099,31820,"NYSE","Basic Materials","Basic Materials/Agriculture","Common Stock",44.67272727,44.67272727
20140115,44.90181818,45.24545455,44.10000000,44.67272727,153,6835,N/A,N/A,124099,31820,"NYSE","Basic Materials","Basic Materials/Agriculture","Common Stock",44.67272727,44.67272727
20140116,44.90181818,45.24545455,44.21454545,44.21454545,101,4466,N/A,N/A,122826,31820,"NYSE","Basic Materials","Basic Materials/Agriculture","Common Stock",44.21454545,44.21454545
20140117,44.21454545,45.01636364,43.87090909,44.10000000,106,4675,N/A,N/A,122508,31820,"NYSE","Basic Materials","Basic Materials/Agriculture","Common Stock",44.10000000,44.10000000
20140120,44.21454545,45.01636364,43.87090909,44.10000000,0,0,N/A,N/A,0,0,"NYSE","Basic Materials","Basic Materials/Agriculture","Common Stock",3.85000000,44.10000000
20140121,44.55818182,44.67272727,41.58000000,42.95454545,155,6658,N/A,N/A,119326,31820,"NYSE","Basic Materials","Basic Materials/Agriculture","Common Stock",42.95454545,42.95454545
20140122,42.61090909,43.41272727,41.58000000,42.26727273,85,3593,N/A,N/A,117416,31820,"NYSE","Basic Materials","Basic Materials/Agriculture","Common Stock",42.26727273,42.26727273
20140123,41.80909091,41.80909091,38.71636364,39.17454545,329,12888,N/A,N/A,108825,31820,"NYSE","Basic Materials","Basic Materials/Agriculture","Common Stock",39.17454545,39.17454545
20140124,38.94545455,38.94545455,36.42545455,37.34181818,186,6946,N/A,N/A,103734,31820,"NYSE","Basic Materials","Basic Materials/Agriculture","Common Stock",37.34181818,37.34181818
20140127,37.22727273,38.71636364,35.39454545,37.91454545,168,6370,N/A,N/A,105325,31820,"NYSE","Basic Materials","Basic Materials/Agriculture","Common Stock",37.91454545,37.91454545
20140128,38.25818182,39.40363636,36.88363636,37.34181818,63,2353,N/A,N/A,103734,31820,"NYSE","Basic Materials","Basic Materials/Agriculture","Common Stock",37.34181818,37.34181818
20140129,36.99818182,39.74727273,36.99818182,39.63272727,93,3686,N/A,N/A,110098,31820,"NYSE","Basic Materials","Basic Materials/Agriculture","Common Stock",39.63272727,39.63272727
20140130,39.86181818,40.09090909,37.80000000,38.25818182,57,2181,N/A,N/A,106279,31820,"NYSE","Basic Materials","Basic Materials/Agriculture","Common Stock",38.25818182,38.25818182
20140131,37.80000000,39.28909091,36.88363636,38.25818182,49,1875,N/A,N/A,106279,31820,"NYSE","Basic Materials","Basic Materials/Agriculture","Common Stock",38.25818182,38.25818182
20140203,37.91454545,38.37272727,36.54000000,36.88363636,80,2951,N/A,N/A,102461,31820,"NYSE","Basic Materials","Basic Materials/Agriculture","Common Stock",36.88363636,36.88363636
20140204,36.65454545,38.14363636,36.65454545,36.99818182,57,2109,N/A,N/A,102779,31820,"NYSE","Basic Materials","Basic Materials/Agriculture","Common Stock",36.99818182,36.99818182
20140205,36.65454545,36.88363636,34.70727273,35.16545455,102,3587,N/A,N/A,97688,31820,"NYSE","Basic Materials","Basic Materials/Agriculture","Common Stock",35.16545455,35.16545455
20140206,34.70727273,36.88363636,34.59272727,35.73818182,157,5611,N/A,N/A,99299,31826,"NYSE","Basic Materials","Basic Materials/Agriculture","Common Stock",35.73818182,35.73818182
20140207,36.08181818,36.88363636,35.73818182,36.31090909,39,1416,N/A,N/A,100890,31826,"NYSE","Basic Materials","Basic Materials/Agriculture","Common Stock",36.31090909,36.31090909
20140210,36.54000000,37.22727273,34.59272727,34.59272727,147,5085,N/A,N/A,96116,31826,"NYSE","Basic Materials","Basic Materials/Agriculture","Common Stock",34.59272727,34.59272727
20140211,34.70727273,36.19636364,34.59272727,35.05090909,94,3295,N/A,N/A,97389,31826,"NYSE","Basic Materials","Basic Materials/Agriculture","Common Stock",35.05090909,35.05090909
20140212,35.28000000,36.19636364,34.93636364,35.39454545,68,2407,N/A,N/A,98344,31826,"NYSE","Basic Materials","Basic Materials/Agriculture","Common Stock",35.39454545,35.39454545
20140213,35.28000000,35.62363636,34.13454545,34.47818182,239,8240,N/A,N/A,95798,31826,"NYSE","Basic Materials","Basic Materials/Agriculture","Common Stock",34.47818182,34.47818182
20140214,34.36363636,34.93636364,34.13454545,34.36363636,92,3161,N/A,N/A,95479,31826,"NYSE","Basic Materials","Basic Materials/Agriculture","Common Stock",34.36363636,34.36363636
20140217,34.36363636,34.93636364,34.13454545,34.36363636,0,0,N/A,N/A,0,0,"NYSE","Basic Materials","Basic Materials/Agriculture","Common Stock",3.00000000,34.36363636
20140218,34.70727273,35.16545455,32.76000000,33.44727273,189,6322,N/A,N/A,92933,31826,"NYSE","Basic Materials","Basic Materials/Agriculture","Common Stock",33.44727273,33.44727273
20140219,33.33272727,34.36363636,32.87454545,33.79090909,135,4562,N/A,N/A,93888,31826,"NYSE","Basic Materials","Basic Materials/Agriculture","Common Stock",33.79090909,33.79090909
20140220,34.36363636,34.70727273,33.79090909,34.13454545,159,5427,N/A,N/A,94843,31826,"NYSE","Basic Materials","Basic Materials/Agriculture","Common Stock",34.13454545,34.13454545
20140221,34.13454545,34.70727273,33.44727273,33.79090909,58,1960,N/A,N/A,93888,31826,"NYSE","Basic Materials","Basic Materials/Agriculture","Common Stock",33.79090909,33.79090909
20140224,33.90545455,34.13454545,33.21818182,34.02000000,58,1973,N/A,N/A,94525,31826,"NYSE","Basic Materials","Basic Materials/Agriculture","Common Stock",34.02000000,34.02000000
20140225,34.13454545,34.36363636,33.44727273,33.79090909,37,1250,N/A,N/A,93888,31826,"NYSE","Basic Materials","Basic Materials/Agriculture","Common Stock",33.79090909,33.79090909
20140226,33.56181818,33.67636364,32.87454545,32.98909091,138,4552,N/A,N/A,91660,31826,"NYSE","Basic Materials","Basic Materials/Agriculture","Common Stock",32.98909091,32.98909091
20140227,33.21818182,35.50909091,33.10363636,34.36363636,273,9381,N/A,N/A,95479,31826,"NYSE","Basic Materials","Basic Materials/Agriculture","Common Stock",34.36363636,34.36363636
20140228,34.47818182,34.93636364,32.07272727,33.67636364,159,5355,N/A,N/A,93570,31826,"NYSE","Basic Materials","Basic Materials/Agriculture","Common Stock",33.67636364,33.67636364
20140303,33.44727273,34.36363636,32.18727273,32.98909091,143,4717,N/A,N/A,91660,31826,"NYSE","Basic Materials","Basic Materials/Agriculture","Common Stock",32.98909091,32.98909091
20140304,33.67636364,34.24909091,32.98909091,34.02000000,36,1225,N/A,N/A,94525,31826,"NYSE","Basic Materials","Basic Materials/Agriculture","Common Stock",34.02000000,34.02000000
20140305,34.36363636,38.14363636,33.44727273,37.57090909,450,16907,N/A,N/A,104391,31826,"NYSE","Basic Materials","Basic Materials/Agriculture","Common Stock",37.57090909,37.57090909
20140306,38.94545455,39.06000000,35.73818182,36.42545455,222,8086,N/A,N/A,101208,31826,"NYSE","Basic Materials","Basic Materials/Agriculture","Common Stock",36.42545455,36.42545455
20140307,37.22727273,37.91454545,35.50909091,36.19636364,98,3547,N/A,N/A,100572,31826,"NYSE","Basic Materials","Basic Materials/Agriculture","Common Stock",36.19636364,36.19636364
20140310,36.31090909,36.31090909,34.13454545,34.47818182,166,5723,N/A,N/A,95798,31826,"NYSE","Basic Materials","Basic Materials/Agriculture","Common Stock",34.47818182,34.47818182
20140311,34.36363636,35.39454545,34.13454545,34.13454545,114,3891,N/A,N/A,94843,31826,"NYSE","Basic Materials","Basic Materials/Agriculture","Common Stock",34.13454545,34.13454545
20140312,34.36363636,34.59272727,32.98909091,33.56181818,124,4162,N/A,N/A,93251,31826,"NYSE","Basic Materials","Basic Materials/Agriculture","Common Stock",33.56181818,33.56181818
20140313,33.56181818,33.90545455,32.64545455,33.21818182,98,3255,N/A,N/A,92297,31826,"NYSE","Basic Materials","Basic Materials/Agriculture","Common Stock",33.21818182,33.21818182
20140314,32.53090909,32.64545455,32.07272727,32.53090909,92,2993,N/A,N/A,90387,31826,"NYSE","Basic Materials","Basic Materials/Agriculture","Common Stock",32.53090909,32.53090909
20140317,32.41636364,33.67636364,32.18727273,32.53090909,96,3123,N/A,N/A,90387,31826,"NYSE","Basic Materials","Basic Materials/Agriculture","Common Stock",32.53090909,32.53090909
20140318,32.30181818,32.76000000,32.07272727,32.53090909,79,2570,N/A,N/A,90387,31826,"NYSE","Basic Materials","Basic Materials/Agriculture","Common Stock",32.53090909,32.53090909
20140319,32.64545455,33.21818182,32.53090909,32.87454545,56,1841,N/A,N/A,91342,31826,"NYSE","Basic Materials","Basic Materials/Agriculture","Common Stock",32.87454545,32.87454545
20140320,32.87454545,35.16545455,32.64545455,34.93636364,183,6393,N/A,N/A,97071,31826,"NYSE","Basic Materials","Basic Materials/Agriculture","Common Stock",34.93636364,34.93636364
20140321,35.28000000,36.42545455,34.36363636,36.42545455,314,11438,N/A,N/A,101208,31826,"NYSE","Basic Materials","Basic Materials/Agriculture","Common Stock",36.42545455,36.42545455
20140324,36.42545455,36.42545455,33.79090909,34.93636364,69,2411,N/A,N/A,97071,31826,"NYSE","Basic Materials","Basic Materials/Agriculture","Common Stock",34.93636364,34.93636364
20140325,34.47818182,34.93636364,32.53090909,33.79090909,104,3514,N/A,N/A,93888,31826,"NYSE","Basic Materials","Basic Materials/Agriculture","Common Stock",33.79090909,33.79090909
20140326,33.67636364,34.24909091,33.21818182,33.44727273,68,2274,N/A,N/A,92933,31826,"NYSE","Basic Materials","Basic Materials/Agriculture","Common Stock",33.44727273,33.44727273
20140327,33.56181818,34.02000000,33.33272727,34.02000000,48,1633,N/A,N/A,94525,31826,"NYSE","Basic Materials","Basic Materials/Agriculture","Common Stock",34.02000000,34.02000000
20140328,34.13454545,34.36363636,33.56181818,33.79090909,30,1014,N/A,N/A,93888,31826,"NYSE","Basic Materials","Basic Materials/Agriculture","Common Stock",33.79090909,33.79090909
20140331,33.90545455,34.13454545,32.76000000,33.10363636,71,2350,N/A,N/A,91978,31826,"NYSE","Basic Materials","Basic Materials/Agriculture","Common Stock",33.10363636,33.10363636
20140401,32.87454545,36.08181818,32.87454545,35.28000000,336,11854,N/A,N/A,98025,31826,"NYSE","Basic Materials","Basic Materials/Agriculture","Common Stock",35.28000000,35.28000000
20140402,35.05090909,36.08181818,34.93636364,35.28000000,78,2752,N/A,N/A,98025,31826,"NYSE","Basic Materials","Basic Materials/Agriculture","Common Stock",35.28000000,35.28000000
20140403,35.16545455,36.88363636,34.47818182,35.39454545,182,6442,N/A,N/A,98344,31826,"NYSE","Basic Materials","Basic Materials/Agriculture","Common Stock",35.39454545,35.39454545
20140404,35.16545455,36.65454545,33.10363636,33.90545455,245,8307,N/A,N/A,94206,31826,"NYSE","Basic Materials","Basic Materials/Agriculture","Common Stock",33.90545455,33.90545455
20140407,33.90545455,34.82181818,33.21818182,33.44727273,64,2141,N/A,N/A,92933,31826,"NYSE","Basic Materials","Basic Materials/Agriculture","Common Stock",33.44727273,33.44727273
20140408,33.10363636,33.56181818,33.10363636,33.44727273,60,2007,N/A,N/A,92933,31826,"NYSE","Basic Materials","Basic Materials/Agriculture","Common Stock",33.44727273,33.44727273
20140409,33.44727273,33.67636364,32.76000000,32.87454545,108,3550,N/A,N/A,91342,31826,"NYSE","Basic Materials","Basic Materials/Agriculture","Common Stock",32.87454545,32.87454545
20140410,32.87454545,33.79090909,32.87454545,33.79090909,82,2771,N/A,N/A,93888,31826,"NYSE","Basic Materials","Basic Materials/Agriculture","Common Stock",33.79090909,33.79090909
20140411,33.21818182,33.56181818,32.87454545,33.10363636,92,3046,N/A,N/A,91978,31826,"NYSE","Basic Materials","Basic Materials/Agriculture","Common Stock",33.10363636,33.10363636
20140414,32.98909091,34.59272727,32.98909091,33.79090909,84,2838,N/A,N/A,93888,31826,"NYSE","Basic Materials","Basic Materials/Agriculture","Common Stock",33.79090909,33.79090909
20140415,33.79090909,33.90545455,32.76000000,33.33272727,70,2333,N/A,N/A,92615,31826,"NYSE","Basic Materials","Basic Materials/Agriculture","Common Stock",33.33272727,33.33272727
20140416,33.21818182,33.67636364,32.87454545,33.21818182,33,1096,N/A,N/A,92297,31826,"NYSE","Basic Materials","Basic Materials/Agriculture","Common Stock",33.21818182,33.21818182
20140417,33.21818182,33.33272727,32.87454545,33.10363636,27,894,N/A,N/A,91978,31826,"NYSE","Basic Materials","Basic Materials/Agriculture","Common Stock",33.10363636,33.10363636
20140418,33.21818182,33.33272727,32.87454545,33.10363636,0,0,N/A,N/A,0,0,"NYSE","Basic Materials","Basic Materials/Agriculture","Common Stock",2.89000000,33.10363636
20140421,33.10363636,33.56181818,33.10363636,33.44727273,23,769,N/A,N/A,92933,31826,"NYSE","Basic Materials","Basic Materials/Agriculture","Common Stock",33.44727273,33.44727273
20140422,34.13454545,34.36363636,33.33272727,33.79090909,58,1960,N/A,N/A,93888,31826,"NYSE","Basic Materials","Basic Materials/Agriculture","Common Stock",33.79090909,33.79090909
20140423,33.44727273,33.79090909,32.76000000,32.76000000,70,2293,N/A,N/A,91024,31826,"NYSE","Basic Materials","Basic Materials/Agriculture","Common Stock",32.76000000,32.76000000
20140424,32.87454545,33.21818182,32.64545455,32.76000000,54,1769,N/A,N/A,91024,31826,"NYSE","Basic Materials","Basic Materials/Agriculture","Common Stock",32.76000000,32.76000000
20140425,32.87454545,32.87454545,32.18727273,32.18727273,53,1706,N/A,N/A,89432,31826,"NYSE","Basic Materials","Basic Materials/Agriculture","Common Stock",32.18727273,32.18727273
20140428,32.18727273,32.30181818,32.07272727,32.18727273,44,1416,N/A,N/A,89432,31826,"NYSE","Basic Materials","Basic Materials/Agriculture","Common Stock",32.18727273,32.18727273
20140429,32.18727273,32.76000000,32.07272727,32.41636364,38,1232,N/A,N/A,90069,31826,"NYSE","Basic Materials","Basic Materials/Agriculture","Common Stock",32.41636364,32.41636364
20140430,32.53090909,32.53090909,31.61454545,31.61454545,60,1897,N/A,N/A,87841,31826,"NYSE","Basic Materials","Basic Materials/Agriculture","Common Stock",31.61454545,31.61454545
20140501,31.61454545,31.61454545,30.58363636,30.81272727,98,3020,N/A,N/A,85613,31826,"NYSE","Basic Materials","Basic Materials/Agriculture","Common Stock",30.81272727,30.81272727
20140502,30.81272727,32.41636364,30.81272727,31.38545455,42,1318,N/A,N/A,87204,31826,"NYSE","Basic Materials","Basic Materials/Agriculture","Common Stock",31.38545455,31.38545455
20140505,31.38545455,31.50000000,31.04181818,31.15636364,28,872,N/A,N/A,86568,31826,"NYSE","Basic Materials","Basic Materials/Agriculture","Common Stock",31.15636364,31.15636364
20140506,31.27090909,31.27090909,30.92727273,31.04181818,53,1645,N/A,N/A,86250,31826,"NYSE","Basic Materials","Basic Materials/Agriculture","Common Stock",31.04181818,31.04181818
20140507,30.92727273,30.92727273,30.12545455,30.46909091,68,2072,N/A,N/A,84666,31829,"NYSE","Basic Materials","Basic Materials/Agriculture","Common Stock",30.46909091,30.46909091
20140508,30.24000000,30.24000000,29.78181818,29.78181818,47,1400,N/A,N/A,82756,31829,"NYSE","Basic Materials","Basic Materials/Agriculture","Common Stock",29.78181818,29.78181818
20140509,29.66727273,35.16545455,29.32363636,32.53090909,690,22446,N/A,N/A,90395,31829,"NYSE","Basic Materials","Basic Materials/Agriculture","Common Stock",32.53090909,32.53090909
20140512,32.30181818,32.30181818,29.78181818,31.38545455,200,6277,N/A,N/A,87212,31829,"NYSE","Basic Materials","Basic Materials/Agriculture","Common Stock",31.38545455,31.38545455
20140513,31.84363636,31.84363636,29.89636364,30.12545455,115,3464,N/A,N/A,83711,31829,"NYSE","Basic Materials","Basic Materials/Agriculture","Common Stock",30.12545455,30.12545455
20140514,30.81272727,31.04181818,29.55272727,29.55272727,120,3546,N/A,N/A,82120,31829,"NYSE","Basic Materials","Basic Materials/Agriculture","Common Stock",29.55272727,29.55272727
20140515,29.55272727,30.24000000,28.63636364,29.43818182,234,6889,N/A,N/A,81801,31829,"NYSE","Basic Materials","Basic Materials/Agriculture","Common Stock",29.43818182,29.43818182
20140516,30.12545455,30.12545455,28.06363636,28.29272727,189,5347,N/A,N/A,78619,31829,"NYSE","Basic Materials","Basic Materials/Agriculture","Common Stock",28.29272727,28.29272727
20140519,28.17818182,28.40727273,27.14727273,27.72000000,174,4823,N/A,N/A,77027,31829,"NYSE","Basic Materials","Basic Materials/Agriculture","Common Stock",27.72000000,27.72000000
20140520,27.83454545,28.52181818,26.34545455,26.46000000,133,3519,N/A,N/A,73526,31829,"NYSE","Basic Materials","Basic Materials/Agriculture","Common Stock",26.46000000,26.46000000
20140521,26.46000000,27.26181818,25.88727273,27.03272727,152,4109,N/A,N/A,75117,31829,"NYSE","Basic Materials","Basic Materials/Agriculture","Common Stock",27.03272727,27.03272727
20140522,27.26181818,28.63636364,27.14727273,27.49090909,191,5251,N/A,N/A,76390,31829,"NYSE","Basic Materials","Basic Materials/Agriculture","Common Stock",27.49090909,27.49090909
20140523,27.60545455,28.40727273,27.49090909,27.94909091,76,2124,N/A,N/A,77664,31829,"NYSE","Basic Materials","Basic Materials/Agriculture","Common Stock",27.94909091,27.94909091
20140526,27.60545455,28.40727273,27.49090909,27.94909091,0,0,N/A,N/A,0,0,"NYSE","Basic Materials","Basic Materials/Agriculture","Common Stock",2.44000000,27.94909091
20140527,27.94909091,28.17818182,27.26181818,27.26181818,71,1936,N/A,N/A,75754,31829,"NYSE","Basic Materials","Basic Materials/Agriculture","Common Stock",27.26181818,27.26181818
20140528,27.26181818,27.26181818,25.88727273,26.57454545,108,2870,N/A,N/A,73844,31829,"NYSE","Basic Materials","Basic Materials/Agriculture","Common Stock",26.57454545,26.57454545
20140529,26.46000000,27.37636364,26.23090909,26.91818182,38,1023,N/A,N/A,74799,31829,"NYSE","Basic Materials","Basic Materials/Agriculture","Common Stock",26.91818182,26.91818182
20140530,26.68909091,26.91818182,26.46000000,26.46000000,26,688,N/A,N/A,73526,31829,"NYSE","Basic Materials","Basic Materials/Agriculture","Common Stock",26.46000000,26.46000000
20140602,26.46000000,26.80363636,26.11636364,26.80363636,50,1340,N/A,N/A,74481,31829,"NYSE","Basic Materials","Basic Materials/Agriculture","Common Stock",26.80363636,26.80363636
20140603,26.80363636,26.91818182,26.00181818,26.34545455,42,1107,N/A,N/A,73208,31829,"NYSE","Basic Materials","Basic Materials/Agriculture","Common Stock",26.34545455,26.34545455
20140604,26.23090909,26.91818182,26.11636364,26.57454545,46,1222,N/A,N/A,73844,31829,"NYSE","Basic Materials","Basic Materials/Agriculture","Common Stock",26.57454545,26.57454545
20140605,26.57454545,27.14727273,26.11636364,27.03272727,25,676,N/A,N/A,75117,31829,"NYSE","Basic Materials","Basic Materials/Agriculture","Common Stock",27.03272727,27.03272727
20140606,26.80363636,26.80363636,26.57454545,26.80363636,53,1421,N/A,N/A,74481,31829,"NYSE","Basic Materials","Basic Materials/Agriculture","Common Stock",26.80363636,26.80363636
20140609,26.34545455,28.06363636,26.34545455,27.60545455,69,1905,N/A,N/A,76709,31829,"NYSE","Basic Materials","Basic Materials/Agriculture","Common Stock",27.60545455,27.60545455
20140610,27.72000000,29.55272727,27.49090909,28.86545455,140,4041,N/A,N/A,80210,31829,"NYSE","Basic Materials","Basic Materials/Agriculture","Common Stock",28.86545455,28.86545455
20140611,29.55272727,29.55272727,26.91818182,27.03272727,150,4055,N/A,N/A,75117,31829,"NYSE","Basic Materials","Basic Materials/Agriculture","Common Stock",27.03272727,27.03272727
20140612,27.26181818,27.26181818,26.11636364,26.80363636,121,3243,N/A,N/A,74481,31829,"NYSE","Basic Materials","Basic Materials/Agriculture","Common Stock",26.80363636,26.80363636
20140613,27.60545455,27.60545455,26.34545455,26.46000000,103,2725,N/A,N/A,73526,31829,"NYSE","Basic Materials","Basic Materials/Agriculture","Common Stock",26.46000000,26.46000000
20140616,26.34545455,27.14727273,26.00181818,26.11636364,67,1750,N/A,N/A,72571,31829,"NYSE","Basic Materials","Basic Materials/Agriculture","Common Stock",26.11636364,26.11636364
20140617,26.11636364,27.14727273,26.11636364,26.91818182,53,1427,N/A,N/A,74799,31829,"NYSE","Basic Materials","Basic Materials/Agriculture","Common Stock",26.91818182,26.91818182
20140618,27.26181818,27.26181818,26.34545455,26.34545455,54,1423,N/A,N/A,73208,31829,"NYSE","Basic Materials","Basic Materials/Agriculture","Common Stock",26.34545455,26.34545455
20140619,26.34545455,26.57454545,25.77272727,26.00181818,72,1872,N/A,N/A,72253,31829,"NYSE","Basic Materials","Basic Materials/Agriculture","Common Stock",26.00181818,26.00181818
20140620,26.00181818,26.34545455,25.88727273,25.88727273,135,3495,N/A,N/A,71934,31829,"NYSE","Basic Materials","Basic Materials/Agriculture","Common Stock",25.88727273,25.88727273
20140623,25.77272727,26.68909091,25.31454545,26.46000000,55,1455,N/A,N/A,73526,31829,"NYSE","Basic Materials","Basic Materials/Agriculture","Common Stock",26.46000000,26.46000000
20140624,26.34545455,26.68909091,25.31454545,25.42909091,125,3179,N/A,N/A,70661,31829,"NYSE","Basic Materials","Basic Materials/Agriculture","Common Stock",25.42909091,25.42909091
20140625,25.31454545,26.00181818,25.31454545,25.42909091,45,1144,N/A,N/A,70661,31829,"NYSE","Basic Materials","Basic Materials/Agriculture","Common Stock",25.42909091,25.42909091
20140626,25.42909091,25.77272727,25.42909091,25.42909091,51,1297,N/A,N/A,70661,31829,"NYSE","Basic Materials","Basic Materials/Agriculture","Common Stock",25.42909091,25.42909091
20140627,25.54363636,25.54363636,25.31454545,25.31454545,35,886,N/A,N/A,70343,31829,"NYSE","Basic Materials","Basic Materials/Agriculture","Common Stock",25.31454545,25.31454545
20140630,25.31454545,25.54363636,24.97090909,25.20000000,74,1865,N/A,N/A,70025,31829,"NYSE","Basic Materials","Basic Materials/Agriculture","Common Stock",25.20000000,25.20000000
20140701,25.20000000,25.42909091,24.62727273,24.74181818,101,2499,N/A,N/A,68751,31829,"NYSE","Basic Materials","Basic Materials/Agriculture","Common Stock",24.74181818,24.74181818
20140702,24.85636364,25.20000000,24.62727273,24.97090909,52,1298,N/A,N/A,69388,31829,"NYSE","Basic Materials","Basic Materials/Agriculture","Common Stock",24.97090909,24.97090909
20140703,24.74181818,25.20000000,24.74181818,24.74181818,40,990,N/A,N/A,68751,31829,"NYSE","Basic Materials","Basic Materials/Agriculture","Common Stock",24.74181818,24.74181818
20140704,24.74181818,25.20000000,24.74181818,24.74181818,0,0,N/A,N/A,0,0,"NYSE","Basic Materials","Basic Materials/Agriculture","Common Stock",2.16000000,24.74181818
20140707,24.85636364,25.20000000,24.74181818,24.97090909,46,1149,N/A,N/A,69388,31829,"NYSE","Basic Materials","Basic Materials/Agriculture","Common Stock",24.97090909,24.97090909
20140708,24.97090909,25.20000000,24.97090909,24.97090909,31,774,N/A,N/A,69388,31829,"NYSE","Basic Materials","Basic Materials/Agriculture","Common Stock",24.97090909,24.97090909
20140709,25.08545455,25.08545455,24.97090909,25.08545455,28,702,N/A,N/A,69706,31829,"NYSE","Basic Materials","Basic Materials/Agriculture","Common Stock",25.08545455,25.08545455
20140710,24.97090909,25.08545455,24.74181818,24.74181818,37,915,N/A,N/A,68751,31829,"NYSE","Basic Materials","Basic Materials/Agriculture","Common Stock",24.74181818,24.74181818
20140711,24.62727273,24.74181818,24.39818182,24.39818182,51,1244,N/A,N/A,67797,31829,"NYSE","Basic Materials","Basic Materials/Agriculture","Common Stock",24.39818182,24.39818182
20140714,24.28363636,24.62727273,24.28363636,24.62727273,60,1478,N/A,N/A,68433,31829,"NYSE","Basic Materials","Basic Materials/Agriculture","Common Stock",24.62727273,24.62727273
20140715,24.74181818,25.08545455,24.39818182,24.62727273,87,2143,N/A,N/A,68433,31829,"NYSE","Basic Materials","Basic Materials/Agriculture","Common Stock",24.62727273,24.62727273
20140716,24.85636364,25.31454545,24.62727273,24.62727273,75,1847,N/A,N/A,68433,31829,"NYSE","Basic Materials","Basic Materials/Agriculture","Common Stock",24.62727273,24.62727273
20140717,24.85636364,24.85636364,24.16909091,24.16909091,41,991,N/A,N/A,67160,31829,"NYSE","Basic Materials","Basic Materials/Agriculture","Common Stock",24.16909091,24.16909091
20140718,24.62727273,24.62727273,24.16909091,24.39818182,39,952,N/A,N/A,67797,31829,"NYSE","Basic Materials","Basic Materials/Agriculture","Common Stock",24.39818182,24.39818182
20140721,24.51272727,24.62727273,24.16909091,24.39818182,11,268,N/A,N/A,67797,31829,"NYSE","Basic Materials","Basic Materials/Agriculture","Common Stock",24.39818182,24.39818182
20140722,24.28363636,25.42909091,24.16909091,25.42909091,186,4730,N/A,N/A,70661,31829,"NYSE","Basic Materials","Basic Materials/Agriculture","Common Stock",25.42909091,25.42909091
20140723,25.42909091,26.80363636,24.85636364,25.08545455,408,10235,N/A,N/A,69706,31829,"NYSE","Basic Materials","Basic Materials/Agriculture","Common Stock",25.08545455,25.08545455
20140724,24.85636364,25.42909091,24.62727273,24.85636364,104,2585,N/A,N/A,69070,31829,"NYSE","Basic Materials","Basic Materials/Agriculture","Common Stock",24.85636364,24.85636364
20140725,24.62727273,24.62727273,23.71090909,24.16909091,95,2296,N/A,N/A,67160,31829,"NYSE","Basic Materials","Basic Materials/Agriculture","Common Stock",24.16909091,24.16909091
20140728,24.16909091,24.16909091,23.13818182,23.36727273,93,2173,N/A,N/A,64932,31829,"NYSE","Basic Materials","Basic Materials/Agriculture","Common Stock",23.36727273,23.36727273
20140729,22.90909091,22.90909091,21.99272727,22.22181818,230,5111,N/A,N/A,61749,31829,"NYSE","Basic Materials","Basic Materials/Agriculture","Common Stock",22.22181818,22.22181818
20140730,21.76363636,22.68000000,21.76363636,22.56545455,54,1219,N/A,N/A,62704,31829,"NYSE","Basic Materials","Basic Materials/Agriculture","Common Stock",22.56545455,22.56545455
20140731,22.33636364,22.79454545,22.10727273,22.33636364,61,1363,N/A,N/A,62067,31829,"NYSE","Basic Materials","Basic Materials/Agriculture","Common Stock",22.33636364,22.33636364
20140801,22.45090909,22.45090909,21.99272727,22.10727273,28,619,N/A,N/A,61431,31829,"NYSE","Basic Materials","Basic Materials/Agriculture","Common Stock",22.10727273,22.10727273
20140804,21.87818182,22.10727273,21.76363636,21.87818182,74,1619,N/A,N/A,60794,31829,"NYSE","Basic Materials","Basic Materials/Agriculture","Common Stock",21.87818182,21.87818182
20140805,21.99272727,22.22181818,21.99272727,22.10727273,21,464,N/A,N/A,61431,31829,"NYSE","Basic Materials","Basic Materials/Agriculture","Common Stock",22.10727273,22.10727273
20140806,22.10727273,24.62727273,22.10727273,24.39818182,198,4831,N/A,N/A,67797,31829,"NYSE","Basic Materials","Basic Materials/Agriculture","Common Stock",24.39818182,24.39818182
20140807,24.62727273,24.62727273,22.22181818,22.33636364,100,2234,N/A,N/A,62067,31829,"NYSE","Basic Materials","Basic Materials/Agriculture","Common Stock",22.33636364,22.33636364
20140808,22.10727273,23.25272727,21.87818182,23.25272727,73,1697,N/A,N/A,64614,31829,"NYSE","Basic Materials","Basic Materials/Agriculture","Common Stock",23.25272727,23.25272727
20140811,23.48181818,24.62727273,23.48181818,23.59636364,99,2336,N/A,N/A,65569,31829,"NYSE","Basic Materials","Basic Materials/Agriculture","Common Stock",23.59636364,23.59636364
20140812,23.48181818,23.48181818,23.25272727,23.36727273,17,397,N/A,N/A,64932,31829,"NYSE","Basic Materials","Basic Materials/Agriculture","Common Stock",23.36727273,23.36727273
20140813,23.48181818,23.71090909,23.25272727,23.48181818,34,798,N/A,N/A,65250,31829,"NYSE","Basic Materials","Basic Materials/Agriculture","Common Stock",23.48181818,23.48181818
20140814,23.36727273,23.36727273,23.02363636,23.02363636,22,507,N/A,N/A,63977,31829,"NYSE","Basic Materials","Basic Materials/Agriculture","Common Stock",23.02363636,23.02363636
20140815,23.36727273,27.72000000,23.13818182,26.23090909,403,10571,N/A,N/A,72889,31829,"NYSE","Basic Materials","Basic Materials/Agriculture","Common Stock",26.23090909,26.23090909
20140818,26.34545455,26.80363636,25.54363636,26.11636364,279,7286,N/A,N/A,72571,31829,"NYSE","Basic Materials","Basic Materials/Agriculture","Common Stock",26.11636364,26.11636364
20140819,26.46000000,27.60545455,26.00181818,26.00181818,180,4680,N/A,N/A,72253,31829,"NYSE","Basic Materials","Basic Materials/Agriculture","Common Stock",26.00181818,26.00181818
20140820,26.23090909,26.23090909,25.31454545,25.54363636,68,1737,N/A,N/A,70979,31829,"NYSE","Basic Materials","Basic Materials/Agriculture","Common Stock",25.54363636,25.54363636
20140821,25.77272727,29.78181818,25.77272727,27.72000000,1324,36701,N/A,N/A,77027,31829,"NYSE","Basic Materials","Basic Materials/Agriculture","Common Stock",27.72000000,27.72000000
20140822,27.60545455,28.29272727,26.11636364,26.46000000,290,7673,N/A,N/A,73526,31829,"NYSE","Basic Materials","Basic Materials/Agriculture","Common Stock",26.46000000,26.46000000
20140825,26.80363636,27.26181818,26.23090909,26.46000000,110,2911,N/A,N/A,73526,31829,"NYSE","Basic Materials","Basic Materials/Agriculture","Common Stock",26.46000000,26.46000000
20140826,26.00181818,26.91818182,25.42909091,25.65818182,443,11367,N/A,N/A,71298,31829,"NYSE","Basic Materials","Basic Materials/Agriculture","Common Stock",25.65818182,25.65818182
20140827,25.77272727,25.77272727,24.62727273,24.97090909,172,4295,N/A,N/A,69388,31829,"NYSE","Basic Materials","Basic Materials/Agriculture","Common Stock",24.97090909,24.97090909
20140828,24.62727273,26.11636364,24.39818182,25.77272727,192,4948,N/A,N/A,71616,31829,"NYSE","Basic Materials","Basic Materials/Agriculture","Common Stock",25.77272727,25.77272727
20140829,26.00181818,26.00181818,24.62727273,25.20000000,112,2822,N/A,N/A,70025,31829,"NYSE","Basic Materials","Basic Materials/Agriculture","Common Stock",25.20000000,25.20000000
20140901,26.00181818,26.00181818,24.62727273,25.20000000,0,0,N/A,N/A,0,0,"NYSE","Basic Materials","Basic Materials/Agriculture","Common Stock",2.20000000,25.20000000
20140902,25.31454545,29.09454545,25.20000000,28.17818182,874,24628,N/A,N/A,78300,31829,"NYSE","Basic Materials","Basic Materials/Agriculture","Common Stock",28.17818182,28.17818182
20140903,28.98000000,30.69818182,27.03272727,28.06363636,583,16361,N/A,N/A,77982,31829,"NYSE","Basic Materials","Basic Materials/Agriculture","Common Stock",28.06363636,28.06363636
20140904,28.06363636,30.01090909,27.03272727,27.49090909,401,11024,N/A,N/A,76390,31829,"NYSE","Basic Materials","Basic Materials/Agriculture","Common Stock",27.49090909,27.49090909
20140905,27.49090909,28.06363636,26.68909091,27.83454545,242,6736,N/A,N/A,77345,31829,"NYSE","Basic Materials","Basic Materials/Agriculture","Common Stock",27.83454545,27.83454545
20140908,27.03272727,27.83454545,26.11636364,26.68909091,423,11289,N/A,N/A,74162,31829,"NYSE","Basic Materials","Basic Materials/Agriculture","Common Stock",26.68909091,26.68909091
20140909,26.57454545,26.80363636,24.74181818,24.97090909,388,9689,N/A,N/A,69388,31829,"NYSE","Basic Materials","Basic Materials/Agriculture","Common Stock",24.97090909,24.97090909
20140910,24.51272727,26.11636364,24.05454545,25.20000000,221,5569,N/A,N/A,70025,31829,"NYSE","Basic Materials","Basic Materials/Agriculture","Common Stock",25.20000000,25.20000000
20140911,24.97090909,26.68909091,23.94000000,26.11636364,267,6973,N/A,N/A,72571,31829,"NYSE","Basic Materials","Basic Materials/Agriculture","Common Stock",26.11636364,26.11636364
20140912,28.17818182,45.81818182,28.17818182,32.64545455,11317,369449,N/A,N/A,90714,31829,"NYSE","Basic Materials","Basic Materials/Agriculture","Common Stock",32.64545455,32.64545455
20140915,30.92727273,32.41636364,28.63636364,29.32363636,1110,32549,N/A,N/A,81483,31829,"NYSE","Basic Materials","Basic Materials/Agriculture","Common Stock",29.32363636,29.32363636
20140916,29.89636364,30.12545455,27.26181818,27.60545455,626,17281,N/A,N/A,76709,31829,"NYSE","Basic Materials","Basic Materials/Agriculture","Common Stock",27.60545455,27.60545455
20140917,28.40727273,28.52181818,26.34545455,27.03272727,763,20626,N/A,N/A,75117,31829,"NYSE","Basic Materials","Basic Materials/Agriculture","Common Stock",27.03272727,27.03272727
20140918,26.34545455,28.40727273,26.11636364,26.68909091,689,18389,N/A,N/A,74162,31829,"NYSE","Basic Materials","Basic Materials/Agriculture","Common Stock",26.68909091,26.68909091
20140919,26.23090909,26.80363636,25.65818182,25.65818182,519,13317,N/A,N/A,71298,31829,"NYSE","Basic Materials","Basic Materials/Agriculture","Common Stock",25.65818182,25.65818182
20140922,26.34545455,26.57454545,25.42909091,25.77272727,572,14742,N/A,N/A,71616,31829,"NYSE","Basic Materials","Basic Materials/Agriculture","Common Stock",25.77272727,25.77272727
20140923,26.11636364,26.91818182,25.31454545,26.00181818,916,23818,N/A,N/A,72253,31829,"NYSE","Basic Materials","Basic Materials/Agriculture","Common Stock",26.00181818,26.00181818
20140924,26.00181818,27.37636364,25.65818182,26.34545455,1144,30139,N/A,N/A,73208,31829,"NYSE","Basic Materials","Basic Materials/Agriculture","Common Stock",26.34545455,26.34545455
20140925,25.77272727,26.46000000,23.71090909,23.94000000,709,16973,N/A,N/A,66523,31829,"NYSE","Basic Materials","Basic Materials/Agriculture","Common Stock",23.94000000,23.94000000
20140926,24.05454545,24.85636364,23.82545455,24.05454545,303,7289,N/A,N/A,66842,31829,"NYSE","Basic Materials","Basic Materials/Agriculture","Common Stock",24.05454545,24.05454545
20140929,23.48181818,25.20000000,23.48181818,24.16909091,458,11069,N/A,N/A,67160,31829,"NYSE","Basic Materials","Basic Materials/Agriculture","Common Stock",24.16909091,24.16909091
20140930,23.82545455,24.62727273,22.22181818,22.68000000,933,21160,N/A,N/A,63022,31829,"NYSE","Basic Materials","Basic Materials/Agriculture","Common Stock",22.68000000,22.68000000
20141001,25.65818182,26.00181818,20.61818182,25.77272727,3725,96003,N/A,N/A,71616,31829,"NYSE","Basic Materials","Basic Materials/Agriculture","Common Stock",25.77272727,25.77272727
20141002,25.20000000,26.11636364,23.48181818,25.42909091,1010,25683,N/A,N/A,70661,31829,"NYSE","Basic Materials","Basic Materials/Agriculture","Common Stock",25.42909091,25.42909091
20141003,25.77272727,27.26181818,24.16909091,24.51272727,529,12967,N/A,N/A,68115,31829,"NYSE","Basic Materials","Basic Materials/Agriculture","Common Stock",24.51272727,24.51272727
20141006,23.48181818,24.51272727,23.13818182,23.36727273,388,9067,N/A,N/A,64932,31829,"NYSE","Basic Materials","Basic Materials/Agriculture","Common Stock",23.36727273,23.36727273
20141007,22.79454545,25.42909091,22.68000000,24.97090909,429,10713,N/A,N/A,69388,31829,"NYSE","Basic Materials","Basic Materials/Agriculture","Common Stock",24.97090909,24.97090909
20141008,24.39818182,26.57454545,24.39818182,25.77272727,543,13995,N/A,N/A,71616,31829,"NYSE","Basic Materials","Basic Materials/Agriculture","Common Stock",25.77272727,25.77272727
20141009,25.88727273,27.37636364,25.31454545,26.46000000,584,15453,N/A,N/A,73526,31829,"NYSE","Basic Materials","Basic Materials/Agriculture","Common Stock",26.46000000,26.46000000
20141010,26.46000000,26.57454545,25.20000000,25.31454545,214,5417,N/A,N/A,70343,31829,"NYSE","Basic Materials","Basic Materials/Agriculture","Common Stock",25.31454545,25.31454545
20141013,24.74181818,27.26181818,24.62727273,26.00181818,201,5226,N/A,N/A,72253,31829,"NYSE","Basic Materials","Basic Materials/Agriculture","Common Stock",26.00181818,26.00181818
20141014,27.26181818,27.26181818,25.54363636,25.65818182,342,8775,N/A,N/A,71298,31829,"NYSE","Basic Materials","Basic Materials/Agriculture","Common Stock",25.65818182,25.65818182
20141015,25.65818182,26.34545455,23.25272727,24.28363636,479,11632,N/A,N/A,67478,31829,"NYSE","Basic Materials","Basic Materials/Agriculture","Common Stock",24.28363636,24.28363636
20141016,23.82545455,26.11636364,23.82545455,25.77272727,184,4742,N/A,N/A,71616,31829,"NYSE","Basic Materials","Basic Materials/Agriculture","Common Stock",25.77272727,25.77272727
20141017,25.77272727,26.34545455,25.31454545,25.77272727,386,9948,N/A,N/A,71616,31829,"NYSE","Basic Materials","Basic Materials/Agriculture","Common Stock",25.77272727,25.77272727
20141020,26.34545455,27.37636364,25.54363636,26.91818182,483,13001,N/A,N/A,74799,31829,"NYSE","Basic Materials","Basic Materials/Agriculture","Common Stock",26.91818182,26.91818182
20141021,27.26181818,27.26181818,25.65818182,26.57454545,189,5023,N/A,N/A,73844,31829,"NYSE","Basic Materials","Basic Materials/Agriculture","Common Stock",26.57454545,26.57454545
20141022,26.34545455,26.57454545,25.42909091,25.65818182,143,3669,N/A,N/A,71298,31829,"NYSE","Basic Materials","Basic Materials/Agriculture","Common Stock",25.65818182,25.65818182
20141023,26.00181818,26.34545455,25.20000000,25.31454545,304,7696,N/A,N/A,70343,31829,"NYSE","Basic Materials","Basic Materials/Agriculture","Common Stock",25.31454545,25.31454545
20141024,25.77272727,26.23090909,24.28363636,24.74181818,345,8536,N/A,N/A,68751,31829,"NYSE","Basic Materials","Basic Materials/Agriculture","Common Stock",24.74181818,24.74181818
20141027,25.08545455,25.31454545,24.62727273,25.08545455,110,2759,N/A,N/A,69706,31829,"NYSE","Basic Materials","Basic Materials/Agriculture","Common Stock",25.08545455,25.08545455
20141028,24.97090909,25.42909091,24.62727273,25.20000000,214,5393,N/A,N/A,70025,31829,"NYSE","Basic Materials","Basic Materials/Agriculture","Common Stock",25.20000000,25.20000000
20141029,26.04000000,26.28000000,25.44000000,25.80000000,198,5108,N/A,N/A,68433,31829,"NYSE","Basic Materials","Basic Materials/Agriculture","Common Stock",25.80000000,25.80000000
20141030,25.56000000,25.56000000,24.72000000,25.08000000,159,3988,N/A,N/A,66523,31829,"NYSE","Basic Materials","Basic Materials/Agriculture","Common Stock",25.08000000,25.08000000
20141031,24.96000000,25.44000000,24.60000000,24.60000000,192,4723,N/A,N/A,65250,31829,"NYSE","Basic Materials","Basic Materials/Agriculture","Common Stock",24.60000000,24.60000000
20141103,24.96000000,25.32000000,24.00000000,24.72000000,205,5068,N/A,N/A,66896,32474,"NYSE","Basic Materials","Basic Materials/Agriculture","Common Stock",24.72000000,24.72000000
20141104,24.48000000,25.08000000,24.24000000,24.72000000,151,3733,N/A,N/A,66896,32474,"NYSE","Basic Materials","Basic Materials/Agriculture","Common Stock",24.72000000,24.72000000
20141105,24.60000000,25.08000000,24.24000000,24.24000000,125,3030,N/A,N/A,65597,32474,"NYSE","Basic Materials","Basic Materials/Agriculture","Common Stock",24.24000000,24.24000000
20141106,24.24000000,24.60000000,23.76000000,23.76000000,184,4372,N/A,N/A,64299,32474,"NYSE","Basic Materials","Basic Materials/Agriculture","Common Stock",23.76000000,23.76000000
20141107,24.00000000,25.20000000,24.00000000,25.20000000,170,4284,N/A,N/A,68195,32474,"NYSE","Basic Materials","Basic Materials/Agriculture","Common Stock",25.20000000,25.20000000
20141110,24.72000000,25.08000000,24.00000000,24.12000000,194,4679,N/A,N/A,65273,32474,"NYSE","Basic Materials","Basic Materials/Agriculture","Common Stock",24.12000000,24.12000000
20141111,24.48000000,25.80000000,24.24000000,24.36000000,260,6334,N/A,N/A,65922,32474,"NYSE","Basic Materials","Basic Materials/Agriculture","Common Stock",24.36000000,24.36000000
20141112,24.60000000,24.96000000,24.36000000,24.72000000,177,4375,N/A,N/A,66896,32474,"NYSE","Basic Materials","Basic Materials/Agriculture","Common Stock",24.72000000,24.72000000
20141113,24.84000000,24.84000000,24.24000000,24.48000000,175,4284,N/A,N/A,66247,32474,"NYSE","Basic Materials","Basic Materials/Agriculture","Common Stock",24.48000000,24.48000000
20141114,24.36000000,25.68000000,24.24000000,25.44000000,248,6309,N/A,N/A,68845,32474,"NYSE","Basic Materials","Basic Materials/Agriculture","Common Stock",25.44000000,25.44000000
20141117,25.56000000,25.92000000,24.72000000,25.92000000,231,5988,N/A,N/A,70144,32474,"NYSE","Basic Materials","Basic Materials/Agriculture","Common Stock",25.92000000,25.92000000
20141118,24.96000000,25.80000000,24.84000000,24.84000000,142,3527,N/A,N/A,67221,32474,"NYSE","Basic Materials","Basic Materials/Agriculture","Common Stock",24.84000000,24.84000000
20141119,24.72000000,25.80000000,24.60000000,25.80000000,111,2864,N/A,N/A,69819,32474,"NYSE","Basic Materials","Basic Materials/Agriculture","Common Stock",25.80000000,25.80000000
20141120,25.80000000,26.04000000,25.32000000,25.80000000,67,1729,N/A,N/A,69819,32474,"NYSE","Basic Materials","Basic Materials/Agriculture","Common Stock",25.80000000,25.80000000
20141121,26.40000000,26.40000000,24.96000000,24.96000000,115,2870,N/A,N/A,67546,32474,"NYSE","Basic Materials","Basic Materials/Agriculture","Common Stock",24.96000000,24.96000000
20141124,25.08000000,25.56000000,24.36000000,24.84000000,83,2062,N/A,N/A,67221,32474,"NYSE","Basic Materials","Basic Materials/Agriculture","Common Stock",24.84000000,24.84000000
20141125,24.60000000,25.32000000,24.60000000,24.84000000,54,1341,N/A,N/A,67221,32474,"NYSE","Basic Materials","Basic Materials/Agriculture","Common Stock",24.84000000,24.84000000
20141126,24.96000000,25.44000000,24.60000000,24.60000000,56,1378,N/A,N/A,66572,32474,"NYSE","Basic Materials","Basic Materials/Agriculture","Common Stock",24.60000000,24.60000000
20141127,24.96000000,25.44000000,24.60000000,24.60000000,0,0,N/A,N/A,0,0,"NYSE","Basic Materials","Basic Materials/Agriculture","Common Stock",2.05000000,24.60000000
20141128,24.60000000,24.60000000,24.12000000,24.12000000,68,1640,N/A,N/A,65273,32474,"NYSE","Basic Materials","Basic Materials/Agriculture","Common Stock",24.12000000,24.12000000
20141201,24.12000000,24.24000000,23.04000000,23.64000000,189,4468,N/A,N/A,63974,32474,"NYSE","Basic Materials","Basic Materials/Agriculture","Common Stock",23.64000000,23.64000000
20141202,23.64000000,24.48000000,23.40000000,23.64000000,85,2009,N/A,N/A,63974,32474,"NYSE","Basic Materials","Basic Materials/Agriculture","Common Stock",23.64000000,23.64000000
20141203,23.52000000,24.00000000,23.52000000,23.76000000,79,1877,N/A,N/A,64299,32474,"NYSE","Basic Materials","Basic Materials/Agriculture","Common Stock",23.76000000,23.76000000
20141204,23.52000000,24.12000000,23.40000000,23.52000000,97,2281,N/A,N/A,63649,32474,"NYSE","Basic Materials","Basic Materials/Agriculture","Common Stock",23.52000000,23.52000000
20141205,23.52000000,24.00000000,23.40000000,23.64000000,42,993,N/A,N/A,63974,32474,"NYSE","Basic Materials","Basic Materials/Agriculture","Common Stock",23.64000000,23.64000000
20141208,23.40000000,24.00000000,21.36000000,21.36000000,249,5319,N/A,N/A,57804,32474,"NYSE","Basic Materials","Basic Materials/Agriculture","Common Stock",21.36000000,21.36000000
20141209,21.60000000,21.60000000,19.92000000,21.12000000,153,3231,N/A,N/A,57154,32474,"NYSE","Basic Materials","Basic Materials/Agriculture","Common Stock",21.12000000,21.12000000
20141210,21.12000000,21.84000000,20.28000000,20.52000000,123,2524,N/A,N/A,55531,32474,"NYSE","Basic Materials","Basic Materials/Agriculture","Common Stock",20.52000000,20.52000000
20141211,20.64000000,20.88000000,19.92000000,20.16000000,124,2500,N/A,N/A,54556,32474,"NYSE","Basic Materials","Basic Materials/Agriculture","Common Stock",20.16000000,20.16000000
20141212,20.16000000,20.16000000,16.44000000,16.80000000,402,6754,N/A,N/A,45464,32474,"NYSE","Basic Materials","Basic Materials/Agriculture","Common Stock",16.80000000,16.80000000
20141215,16.80000000,18.36000000,16.80000000,18.12000000,171,3099,N/A,N/A,49036,32474,"NYSE","Basic Materials","Basic Materials/Agriculture","Common Stock",18.12000000,18.12000000
20141216,18.24000000,18.36000000,17.40000000,18.00000000,79,1422,N/A,N/A,48711,32474,"NYSE","Basic Materials","Basic Materials/Agriculture","Common Stock",18.00000000,18.00000000
20141217,17.64000000,19.44000000,17.64000000,19.20000000,113,2170,N/A,N/A,51958,32474,"NYSE","Basic Materials","Basic Materials/Agriculture","Common Stock",19.20000000,19.20000000
20141218,19.44000000,19.44000000,18.60000000,18.84000000,92,1733,N/A,N/A,50984,32474,"NYSE","Basic Materials","Basic Materials/Agriculture","Common Stock",18.84000000,18.84000000
20141219,18.72000000,19.08000000,18.60000000,18.60000000,101,1879,N/A,N/A,50335,32474,"NYSE","Basic Materials","Basic Materials/Agriculture","Common Stock",18.60000000,18.60000000
20141222,18.72000000,20.40000000,18.36000000,19.80000000,170,3366,N/A,N/A,53582,32474,"NYSE","Basic Materials","Basic Materials/Agriculture","Common Stock",19.80000000,19.80000000
20141223,19.68000000,19.80000000,19.20000000,19.20000000,52,998,N/A,N/A,51958,32474,"NYSE","Basic Materials","Basic Materials/Agriculture","Common Stock",19.20000000,19.20000000
20141224,19.08000000,19.08000000,18.36000000,18.48000000,33,610,N/A,N/A,50010,32474,"NYSE","Basic Materials","Basic Materials/Agriculture","Common Stock",18.48000000,18.48000000
20141225,19.08000000,19.08000000,18.36000000,18.48000000,0,0,N/A,N/A,0,0,"NYSE","Basic Materials","Basic Materials/Agriculture","Common Stock",1.54000000,18.48000000
20141226,18.36000000,18.84000000,17.88000000,17.88000000,125,2235,N/A,N/A,48386,32474,"NYSE","Basic Materials","Basic Materials/Agriculture","Common Stock",17.88000000,17.88000000
20141229,17.40000000,18.36000000,17.16000000,18.12000000,165,2990,N/A,N/A,49036,32474,"NYSE","Basic Materials","Basic Materials/Agriculture","Common Stock",18.12000000,18.12000000
20141230,18.00000000,19.80000000,17.52000000,18.48000000,305,5636,N/A,N/A,50010,32474,"NYSE","Basic Materials","Basic Materials/Agriculture","Common Stock",18.48000000,18.48000000
20141231,18.00000000,18.48000000,17.76000000,18.24000000,135,2462,N/A,N/A,49360,32474,"NYSE","Basic Materials","Basic Materials/Agriculture","Common Stock",18.24000000,18.24000000
20150101,18.00000000,18.48000000,17.76000000,18.24000000,0,0,N/A,N/A,0,0,"NYSE","Basic Materials","Basic Materials/Agriculture","Common Stock",1.52000000,18.24000000
20150102,18.12000000,18.36000000,17.88000000,18.24000000,61,1113,N/A,N/A,49360,32474,"NYSE","Basic Materials","Basic Materials/Agriculture","Common Stock",18.24000000,18.24000000
20150105,18.36000000,19.20000000,18.00000000,18.48000000,130,2402,N/A,N/A,50010,32474,"NYSE","Basic Materials","Basic Materials/Agriculture","Common Stock",18.48000000,18.48000000
20150106,18.36000000,19.08000000,18.12000000,18.36000000,83,1524,N/A,N/A,49685,32474,"NYSE","Basic Materials","Basic Materials/Agriculture","Common Stock",18.36000000,18.36000000
20150107,18.60000000,18.96000000,18.12000000,18.96000000,102,1934,N/A,N/A,51309,32474,"NYSE","Basic Materials","Basic Materials/Agriculture","Common Stock",18.96000000,18.96000000
20150108,18.96000000,20.04000000,18.60000000,18.84000000,212,3994,N/A,N/A,50984,32474,"NYSE","Basic Materials","Basic Materials/Agriculture","Common Stock",18.84000000,18.84000000
20150109,18.96000000,19.20000000,18.72000000,18.96000000,26,493,N/A,N/A,51309,32474,"NYSE","Basic Materials","Basic Materials/Agriculture","Common Stock",18.96000000,18.96000000
20150112,18.96000000,18.96000000,18.48000000,18.60000000,73,1358,N/A,N/A,50335,32474,"NYSE","Basic Materials","Basic Materials/Agriculture","Common Stock",18.60000000,18.60000000
20150113,18.72000000,18.84000000,18.60000000,18.84000000,56,1055,N/A,N/A,50984,32474,"NYSE","Basic Materials","Basic Materials/Agriculture","Common Stock",18.84000000,18.84000000
20150114,18.60000000,18.84000000,18.36000000,18.84000000,109,2054,N/A,N/A,50984,32474,"NYSE","Basic Materials","Basic Materials/Agriculture","Common Stock",18.84000000,18.84000000
20150115,18.72000000,18.72000000,18.24000000,18.36000000,85,1561,N/A,N/A,49685,32474,"NYSE","Basic Materials","Basic Materials/Agriculture","Common Stock",18.36000000,18.36000000
20150116,18.24000000,18.84000000,18.00000000,18.72000000,96,1797,N/A,N/A,50659,32474,"NYSE","Basic Materials","Basic Materials/Agriculture","Common Stock",18.72000000,18.72000000
20150119,18.24000000,18.84000000,18.00000000,18.72000000,0,0,N/A,N/A,0,0,"NYSE","Basic Materials","Basic Materials/Agriculture","Common Stock",1.56000000,18.72000000
20150120,18.60000000,19.20000000,18.48000000,18.72000000,42,786,N/A,N/A,50659,32474,"NYSE","Basic Materials","Basic Materials/Agriculture","Common Stock",18.72000000,18.72000000
20150121,19.20000000,19.20000000,18.84000000,18.96000000,39,739,N/A,N/A,51309,32474,"NYSE","Basic Materials","Basic Materials/Agriculture","Common Stock",18.96000000,18.96000000
20150122,19.20000000,19.32000000,19.08000000,19.20000000,63,1210,N/A,N/A,51958,32474,"NYSE","Basic Materials","Basic Materials/Agriculture","Common Stock",19.20000000,19.20000000
20150123,19.32000000,19.44000000,19.08000000,19.44000000,85,1652,N/A,N/A,52608,32474,"NYSE","Basic Materials","Basic Materials/Agriculture","Common Stock",19.44000000,19.44000000
20150126,19.44000000,19.80000000,19.32000000,19.80000000,52,1030,N/A,N/A,53582,32474,"NYSE","Basic Materials","Basic Materials/Agriculture","Common Stock",19.80000000,19.80000000
20150127,19.68000000,19.80000000,19.68000000,19.80000000,46,911,N/A,N/A,53582,32474,"NYSE","Basic Materials","Basic Materials/Agriculture","Common Stock",19.80000000,19.80000000
20150128,19.92000000,20.64000000,19.80000000,20.28000000,89,1805,N/A,N/A,54881,32474,"NYSE","Basic Materials","Basic Materials/Agriculture","Common Stock",20.28000000,20.28000000
20150129,20.28000000,21.12000000,20.28000000,21.00000000,83,1743,N/A,N/A,56830,32474,"NYSE","Basic Materials","Basic Materials/Agriculture","Common Stock",21.00000000,21.00000000
20150130,21.00000000,22.20000000,20.52000000,21.36000000,70,1495,N/A,N/A,57804,32474,"NYSE","Basic Materials","Basic Materials/Agriculture","Common Stock",21.36000000,21.36000000
20150202,21.72000000,22.20000000,21.00000000,21.00000000,152,3192,N/A,N/A,56830,32474,"NYSE","Basic Materials","Basic Materials/Agriculture","Common Stock",21.00000000,21.00000000
20150203,22.08000000,22.20000000,21.60000000,21.84000000,98,2140,N/A,N/A,59103,32474,"NYSE","Basic Materials","Basic Materials/Agriculture","Common Stock",21.84000000,21.84000000
20150204,21.84000000,22.20000000,21.00000000,21.00000000,47,987,N/A,N/A,60782,34732,"NYSE","Basic Materials","Basic Materials/Agriculture","Common Stock",21.00000000,21.00000000
20150205,21.60000000,22.08000000,21.48000000,21.96000000,54,1186,N/A,N/A,63560,34732,"NYSE","Basic Materials","Basic Materials/Agriculture","Common Stock",21.96000000,21.96000000
20150206,21.96000000,23.64000000,21.72000000,23.04000000,237,5460,N/A,N/A,66686,34732,"NYSE","Basic Materials","Basic Materials/Agriculture","Common Stock",23.04000000,23.04000000
20150209,27.72000000,28.20000000,24.60000000,25.68000000,1936,49716,N/A,N/A,74327,34732,"NYSE","Basic Materials","Basic Materials/Agriculture","Common Stock",25.68000000,25.68000000
20150210,26.40000000,26.76000000,23.64000000,24.36000000,480,11693,N/A,N/A,70507,34732,"NYSE","Basic Materials","Basic Materials/Agriculture","Common Stock",24.36000000,24.36000000
20150211,24.00000000,24.00000000,22.92000000,23.40000000,141,3299,N/A,N/A,67728,34732,"NYSE","Basic Materials","Basic Materials/Agriculture","Common Stock",23.40000000,23.40000000
20150212,23.88000000,23.88000000,23.16000000,23.16000000,69,1598,N/A,N/A,67033,34732,"NYSE","Basic Materials","Basic Materials/Agriculture","Common Stock",23.16000000,23.16000000
20150213,23.28000000,24.24000000,23.28000000,24.24000000,134,3248,N/A,N/A,70159,34732,"NYSE","Basic Materials","Basic Materials/Agriculture","Common Stock",24.24000000,24.24000000
20150216,23.28000000,24.24000000,23.28000000,24.24000000,0,0,N/A,N/A,0,0,"NYSE","Basic Materials","Basic Materials/Agriculture","Common Stock",2.02000000,24.24000000
20150217,25.08000000,25.44000000,24.36000000,25.20000000,193,4864,N/A,N/A,72938,34732,"NYSE","Basic Materials","Basic Materials/Agriculture","Common Stock",25.20000000,25.20000000
20150218,25.32000000,25.32000000,24.84000000,24.96000000,36,899,N/A,N/A,72243,34732,"NYSE","Basic Materials","Basic Materials/Agriculture","Common Stock",24.96000000,24.96000000
20150219,25.32000000,25.44000000,24.96000000,25.08000000,75,1881,N/A,N/A,72591,34732,"NYSE","Basic Materials","Basic Materials/Agriculture","Common Stock",25.08000000,25.08000000
20150220,25.20000000,25.20000000,24.12000000,24.24000000,48,1164,N/A,N/A,70159,34732,"NYSE","Basic Materials","Basic Materials/Agriculture","Common Stock",24.24000000,24.24000000
20150223,24.00000000,24.12000000,22.80000000,23.04000000,94,2166,N/A,N/A,66686,34732,"NYSE","Basic Materials","Basic Materials/Agriculture","Common Stock",23.04000000,23.04000000
20150224,23.76000000,24.36000000,22.92000000,24.00000000,88,2112,N/A,N/A,69465,34732,"NYSE","Basic Materials","Basic Materials/Agriculture","Common Stock",24.00000000,24.00000000
20150225,24.72000000,24.72000000,23.04000000,23.52000000,92,2164,N/A,N/A,68075,34732,"NYSE","Basic Materials","Basic Materials/Agriculture","Common Stock",23.52000000,23.52000000
20150226,23.64000000,24.48000000,23.40000000,24.00000000,46,1104,N/A,N/A,69465,34732,"NYSE","Basic Materials","Basic Materials/Agriculture","Common Stock",24.00000000,24.00000000
20150227,24.00000000,24.48000000,23.40000000,24.00000000,38,912,N/A,N/A,69465,34732,"NYSE","Basic Materials","Basic Materials/Agriculture","Common Stock",24.00000000,24.00000000
20150302,23.88000000,24.12000000,23.40000000,24.00000000,44,1056,N/A,N/A,69465,34732,"NYSE","Basic Materials","Basic Materials/Agriculture","Common Stock",24.00000000,24.00000000
20150303,24.00000000,24.24000000,23.64000000,23.64000000,63,1489,N/A,N/A,68423,34732,"NYSE","Basic Materials","Basic Materials/Agriculture","Common Stock",23.64000000,23.64000000
20150304,23.52000000,23.64000000,23.16000000,23.28000000,53,1234,N/A,N/A,67381,34732,"NYSE","Basic Materials","Basic Materials/Agriculture","Common Stock",23.28000000,23.28000000
20150305,23.28000000,23.40000000,22.80000000,22.92000000,38,871,N/A,N/A,66339,34732,"NYSE","Basic Materials","Basic Materials/Agriculture","Common Stock",22.92000000,22.92000000
20150306,22.92000000,23.28000000,22.80000000,23.28000000,35,815,N/A,N/A,67381,34732,"NYSE","Basic Materials","Basic Materials/Agriculture","Common Stock",23.28000000,23.28000000
20150309,23.04000000,23.52000000,22.80000000,23.28000000,53,1234,N/A,N/A,67381,34732,"NYSE","Basic Materials","Basic Materials/Agriculture","Common Stock",23.28000000,23.28000000
20150310,23.52000000,23.52000000,22.80000000,23.04000000,38,876,N/A,N/A,66686,34732,"NYSE","Basic Materials","Basic Materials/Agriculture","Common Stock",23.04000000,23.04000000
20150311,23.16000000,23.28000000,22.92000000,23.16000000,26,602,N/A,N/A,67033,34732,"NYSE","Basic Materials","Basic Materials/Agriculture","Common Stock",23.16000000,23.16000000
20150312,23.16000000,23.52000000,22.20000000,22.80000000,103,2348,N/A,N/A,65991,34732,"NYSE","Basic Materials","Basic Materials/Agriculture","Common Stock",22.80000000,22.80000000
20150313,22.80000000,23.04000000,22.68000000,22.80000000,51,1163,N/A,N/A,65991,34732,"NYSE","Basic Materials","Basic Materials/Agriculture","Common Stock",22.80000000,22.80000000
20150316,22.68000000,23.04000000,22.44000000,22.80000000,32,730,N/A,N/A,65991,34732,"NYSE","Basic Materials","Basic Materials/Agriculture","Common Stock",22.80000000,22.80000000
20150317,22.44000000,22.80000000,22.20000000,22.56000000,36,812,N/A,N/A,65297,34732,"NYSE","Basic Materials","Basic Materials/Agriculture","Common Stock",22.56000000,22.56000000
20150318,22.56000000,22.68000000,22.32000000,22.56000000,13,293,N/A,N/A,65297,34732,"NYSE","Basic Materials","Basic Materials/Agriculture","Common Stock",22.56000000,22.56000000
20150319,22.32000000,22.56000000,22.20000000,22.32000000,48,1071,N/A,N/A,64602,34732,"NYSE","Basic Materials","Basic Materials/Agriculture","Common Stock",22.32000000,22.32000000
20150320,22.20000000,22.80000000,21.00000000,22.80000000,136,3101,N/A,N/A,65991,34732,"NYSE","Basic Materials","Basic Materials/Agriculture","Common Stock",22.80000000,22.80000000
20150323,22.32000000,22.80000000,21.84000000,22.56000000,88,1985,N/A,N/A,65297,34732,"NYSE","Basic Materials","Basic Materials/Agriculture","Common Stock",22.56000000,22.56000000
20150324,22.80000000,22.80000000,22.20000000,22.68000000,43,975,N/A,N/A,65644,34732,"NYSE","Basic Materials","Basic Materials/Agriculture","Common Stock",22.68000000,22.68000000
20150325,22.80000000,22.92000000,22.32000000,22.44000000,75,1683,N/A,N/A,64949,34732,"NYSE","Basic Materials","Basic Materials/Agriculture","Common Stock",22.44000000,22.44000000
20150326,22.32000000,22.68000000,21.72000000,21.84000000,31,677,N/A,N/A,63213,34732,"NYSE","Basic Materials","Basic Materials/Agriculture","Common Stock",21.84000000,21.84000000
20150327,22.08000000,22.08000000,21.60000000,21.60000000,25,540,N/A,N/A,62518,34732,"NYSE","Basic Materials","Basic Materials/Agriculture","Common Stock",21.60000000,21.60000000
20150330,21.84000000,21.84000000,21.00000000,21.12000000,36,760,N/A,N/A,61129,34732,"NYSE","Basic Materials","Basic Materials/Agriculture","Common Stock",21.12000000,21.12000000
20150331,21.00000000,21.24000000,20.76000000,21.12000000,24,507,N/A,N/A,61129,34732,"NYSE","Basic Materials","Basic Materials/Agriculture","Common Stock",21.12000000,21.12000000
20150401,21.00000000,21.12000000,20.64000000,21.12000000,18,380,N/A,N/A,61129,34732,"NYSE","Basic Materials","Basic Materials/Agriculture","Common Stock",21.12000000,21.12000000
20150402,20.88000000,21.12000000,20.64000000,20.88000000,48,1002,N/A,N/A,60434,34732,"NYSE","Basic Materials","Basic Materials/Agriculture","Common Stock",20.88000000,20.88000000
20150403,20.88000000,21.12000000,20.64000000,20.88000000,0,0,N/A,N/A,0,0,"NYSE","Basic Materials","Basic Materials/Agriculture","Common Stock",1.74000000,20.88000000
20150406,21.00000000,21.36000000,20.76000000,21.00000000,48,1008,N/A,N/A,60782,34732,"NYSE","Basic Materials","Basic Materials/Agriculture","Common Stock",21.00000000,21.00000000
20150407,21.12000000,22.20000000,21.12000000,22.08000000,37,817,N/A,N/A,63908,34732,"NYSE","Basic Materials","Basic Materials/Agriculture","Common Stock",22.08000000,22.08000000
20150408,22.20000000,22.80000000,21.72000000,22.44000000,80,1795,N/A,N/A,64949,34732,"NYSE","Basic Materials","Basic Materials/Agriculture","Common Stock",22.44000000,22.44000000
20150409,22.44000000,22.80000000,22.44000000,22.56000000,53,1196,N/A,N/A,65297,34732,"NYSE","Basic Materials","Basic Materials/Agriculture","Common Stock",22.56000000,22.56000000
20150410,22.44000000,22.80000000,22.32000000,22.56000000,35,790,N/A,N/A,65297,34732,"NYSE","Basic Materials","Basic Materials/Agriculture","Common Stock",22.56000000,22.56000000
20150413,22.56000000,24.36000000,22.56000000,23.88000000,232,5540,N/A,N/A,69117,34732,"NYSE","Basic Materials","Basic Materials/Agriculture","Common Stock",23.88000000,23.88000000
20150414,24.00000000,24.00000000,23.40000000,23.40000000,61,1427,N/A,N/A,67728,34732,"NYSE","Basic Materials","Basic Materials/Agriculture","Common Stock",23.40000000,23.40000000
20150415,23.28000000,24.00000000,23.16000000,23.40000000,56,1310,N/A,N/A,67728,34732,"NYSE","Basic Materials","Basic Materials/Agriculture","Common Stock",23.40000000,23.40000000
20150416,23.40000000,24.72000000,23.40000000,23.76000000,186,4419,N/A,N/A,68770,34732,"NYSE","Basic Materials","Basic Materials/Agriculture","Common Stock",23.76000000,23.76000000
20150417,24.00000000,24.48000000,23.52000000,24.00000000,129,3096,N/A,N/A,69465,34732,"NYSE","Basic Materials","Basic Materials/Agriculture","Common Stock",24.00000000,24.00000000
20150420,24.00000000,25.92000000,24.00000000,25.32000000,186,4710,N/A,N/A,73285,34732,"NYSE","Basic Materials","Basic Materials/Agriculture","Common Stock",25.32000000,25.32000000
20150421,25.80000000,25.80000000,25.20000000,25.80000000,114,2941,N/A,N/A,74675,34732,"NYSE","Basic Materials","Basic Materials/Agriculture","Common Stock",25.80000000,25.80000000
20150422,25.80000000,25.80000000,25.08000000,25.20000000,93,2344,N/A,N/A,72938,34732,"NYSE","Basic Materials","Basic Materials/Agriculture","Common Stock",25.20000000,25.20000000
20150423,25.44000000,25.56000000,24.96000000,25.20000000,71,1789,N/A,N/A,72938,34732,"NYSE","Basic Materials","Basic Materials/Agriculture","Common Stock",25.20000000,25.20000000
20150424,25.08000000,25.68000000,24.96000000,25.44000000,126,3205,N/A,N/A,73633,34732,"NYSE","Basic Materials","Basic Materials/Agriculture","Common Stock",25.44000000,25.44000000
20150427,26.16000000,26.76000000,25.44000000,25.92000000,337,8735,N/A,N/A,75022,34732,"NYSE","Basic Materials","Basic Materials/Agriculture","Common Stock",25.92000000,25.92000000
20150428,26.52000000,26.76000000,26.04000000,26.40000000,120,3168,N/A,N/A,76411,34732,"NYSE","Basic Materials","Basic Materials/Agriculture","Common Stock",26.40000000,26.40000000
20150429,26.16000000,26.88000000,26.16000000,26.28000000,204,5361,N/A,N/A,76064,34732,"NYSE","Basic Materials","Basic Materials/Agriculture","Common Stock",26.28000000,26.28000000
20150430,26.04000000,26.76000000,24.72000000,25.20000000,223,5620,N/A,N/A,72938,34732,"NYSE","Basic Materials","Basic Materials/Agriculture","Common Stock",25.20000000,25.20000000
20150501,25.20000000,25.92000000,25.20000000,25.68000000,53,1361,N/A,N/A,75090,35089,"NYSE","Basic Materials","Basic Materials/Agriculture","Common Stock",25.68000000,25.68000000
20150504,25.68000000,26.52000000,25.68000000,26.04000000,93,2422,N/A,N/A,76142,35089,"NYSE","Basic Materials","Basic Materials/Agriculture","Common Stock",26.04000000,26.04000000
20150505,25.92000000,26.40000000,24.84000000,25.20000000,114,2873,N/A,N/A,73686,35089,"NYSE","Basic Materials","Basic Materials/Agriculture","Common Stock",25.20000000,25.20000000
20150506,25.20000000,25.20000000,24.36000000,24.48000000,73,1787,N/A,N/A,71581,35089,"NYSE","Basic Materials","Basic Materials/Agriculture","Common Stock",24.48000000,24.48000000
20150507,24.72000000,25.56000000,24.12000000,25.32000000,65,1646,N/A,N/A,74037,35089,"NYSE","Basic Materials","Basic Materials/Agriculture","Common Stock",25.32000000,25.32000000
20150508,25.92000000,26.04000000,24.84000000,25.08000000,53,1329,N/A,N/A,73335,35089,"NYSE","Basic Materials","Basic Materials/Agriculture","Common Stock",25.08000000,25.08000000
20150511,25.80000000,26.52000000,24.96000000,25.20000000,276,6955,N/A,N/A,73686,35089,"NYSE","Basic Materials","Basic Materials/Agriculture","Common Stock",25.20000000,25.20000000
20150512,25.20000000,25.80000000,25.20000000,25.20000000,37,932,N/A,N/A,73686,35089,"NYSE","Basic Materials","Basic Materials/Agriculture","Common Stock",25.20000000,25.20000000
20150513,25.20000000,25.80000000,24.84000000,25.56000000,67,1713,N/A,N/A,74739,35089,"NYSE","Basic Materials","Basic Materials/Agriculture","Common Stock",25.56000000,25.56000000
20150514,25.92000000,27.72000000,25.56000000,26.76000000,371,9928,N/A,N/A,78248,35089,"NYSE","Basic Materials","Basic Materials/Agriculture","Common Stock",26.76000000,26.76000000
20150515,27.48000000,27.48000000,25.56000000,25.56000000,125,3195,N/A,N/A,74739,35089,"NYSE","Basic Materials","Basic Materials/Agriculture","Common Stock",25.56000000,25.56000000
20150518,25.80000000,26.04000000,25.56000000,25.80000000,50,1290,N/A,N/A,75440,35089,"NYSE","Basic Materials","Basic Materials/Agriculture","Common Stock",25.80000000,25.80000000
20150519,25.92000000,26.88000000,24.84000000,24.84000000,294,7303,N/A,N/A,72633,35089,"NYSE","Basic Materials","Basic Materials/Agriculture","Common Stock",24.84000000,24.84000000
20150520,25.08000000,25.56000000,24.72000000,25.44000000,41,1043,N/A,N/A,74388,35089,"NYSE","Basic Materials","Basic Materials/Agriculture","Common Stock",25.44000000,25.44000000
20150521,25.44000000,26.04000000,25.44000000,25.68000000,40,1027,N/A,N/A,75090,35089,"NYSE","Basic Materials","Basic Materials/Agriculture","Common Stock",25.68000000,25.68000000
20150522,25.68000000,26.52000000,25.56000000,25.92000000,75,1944,N/A,N/A,75791,35089,"NYSE","Basic Materials","Basic Materials/Agriculture","Common Stock",25.92000000,25.92000000
20150525,25.68000000,26.52000000,25.56000000,25.92000000,0,0,N/A,N/A,0,0,"NYSE","Basic Materials","Basic Materials/Agriculture","Common Stock",2.16000000,25.92000000
20150526,25.92000000,25.92000000,25.20000000,25.44000000,72,1832,N/A,N/A,74388,35089,"NYSE","Basic Materials","Basic Materials/Agriculture","Common Stock",25.44000000,25.44000000
20150527,25.32000000,25.68000000,25.20000000,25.44000000,62,1577,N/A,N/A,74388,35089,"NYSE","Basic Materials","Basic Materials/Agriculture","Common Stock",25.44000000,25.44000000
20150528,25.32000000,25.68000000,24.96000000,24.96000000,49,1223,N/A,N/A,72984,35089,"NYSE","Basic Materials","Basic Materials/Agriculture","Common Stock",24.96000000,24.96000000
20150529,24.96000000,25.32000000,24.72000000,24.72000000,53,1310,N/A,N/A,72283,35089,"NYSE","Basic Materials","Basic Materials/Agriculture","Common Stock",24.72000000,24.72000000
20150601,24.96000000,25.08000000,24.12000000,24.84000000,57,1416,N/A,N/A,72633,35089,"NYSE","Basic Materials","Basic Materials/Agriculture","Common Stock",24.84000000,24.84000000
20150602,24.60000000,25.08000000,24.24000000,24.72000000,43,1063,N/A,N/A,72283,35089,"NYSE","Basic Materials","Basic Materials/Agriculture","Common Stock",24.72000000,24.72000000
20150603,25.08000000,25.20000000,24.96000000,25.20000000,20,504,N/A,N/A,73686,35089,"NYSE","Basic Materials","Basic Materials/Agriculture","Common Stock",25.20000000,25.20000000
20150604,25.08000000,25.68000000,24.72000000,25.32000000,39,987,N/A,N/A,74037,35089,"NYSE","Basic Materials","Basic Materials/Agriculture","Common Stock",25.32000000,25.32000000
20150605,25.56000000,25.80000000,24.72000000,25.80000000,68,1754,N/A,N/A,75440,35089,"NYSE","Basic Materials","Basic Materials/Agriculture","Common Stock",25.80000000,25.80000000
20150608,26.28000000,26.40000000,24.96000000,25.32000000,120,3038,N/A,N/A,74037,35089,"NYSE","Basic Materials","Basic Materials/Agriculture","Common Stock",25.32000000,25.32000000
20150609,25.08000000,26.64000000,24.96000000,24.96000000,231,5766,N/A,N/A,72984,35089,"NYSE","Basic Materials","Basic Materials/Agriculture","Common Stock",24.96000000,24.96000000
20150610,25.56000000,25.68000000,25.08000000,25.08000000,40,1003,N/A,N/A,73335,35089,"NYSE","Basic Materials","Basic Materials/Agriculture","Common Stock",25.08000000,25.08000000
20150611,25.92000000,25.92000000,25.20000000,25.32000000,67,1696,N/A,N/A,74037,35089,"NYSE","Basic Materials","Basic Materials/Agriculture","Common Stock",25.32000000,25.32000000
20150612,25.44000000,28.32000000,25.20000000,28.32000000,762,21580,N/A,N/A,82809,35089,"NYSE","Basic Materials","Basic Materials/Agriculture","Common Stock",28.32000000,28.32000000
20150615,28.44000000,30.00000000,26.88000000,27.00000000,668,18036,N/A,N/A,78949,35089,"NYSE","Basic Materials","Basic Materials/Agriculture","Common Stock",27.00000000,27.00000000
20150616,28.68000000,28.68000000,25.80000000,27.00000000,236,6372,N/A,N/A,78949,35089,"NYSE","Basic Materials","Basic Materials/Agriculture","Common Stock",27.00000000,27.00000000
20150617,26.52000000,27.12000000,26.28000000,26.64000000,78,2078,N/A,N/A,77897,35089,"NYSE","Basic Materials","Basic Materials/Agriculture","Common Stock",26.64000000,26.64000000
20150618,26.52000000,26.88000000,26.40000000,26.64000000,61,1625,N/A,N/A,77897,35089,"NYSE","Basic Materials","Basic Materials/Agriculture","Common Stock",26.64000000,26.64000000
20150619,27.00000000,27.48000000,26.28000000,26.52000000,73,1936,N/A,N/A,77546,35089,"NYSE","Basic Materials","Basic Materials/Agriculture","Common Stock",26.52000000,26.52000000
20150622,26.76000000,27.00000000,26.28000000,26.88000000,94,2527,N/A,N/A,78598,35089,"NYSE","Basic Materials","Basic Materials/Agriculture","Common Stock",26.88000000,26.88000000
20150623,26.76000000,27.96000000,26.64000000,27.72000000,102,2827,N/A,N/A,81055,35089,"NYSE","Basic Materials","Basic Materials/Agriculture","Common Stock",27.72000000,27.72000000
20150624,27.84000000,28.32000000,27.84000000,27.96000000,87,2433,N/A,N/A,81756,35089,"NYSE","Basic Materials","Basic Materials/Agriculture","Common Stock",27.96000000,27.96000000
20150625,27.84000000,27.96000000,26.52000000,27.00000000,63,1701,N/A,N/A,78949,35089,"NYSE","Basic Materials","Basic Materials/Agriculture","Common Stock",27.00000000,27.00000000
20150626,26.76000000,26.76000000,25.80000000,26.40000000,120,3168,N/A,N/A,77195,35089,"NYSE","Basic Materials","Basic Materials/Agriculture","Common Stock",26.40000000,26.40000000
20150629,25.92000000,26.16000000,25.20000000,25.56000000,88,2249,N/A,N/A,74739,35089,"NYSE","Basic Materials","Basic Materials/Agriculture","Common Stock",25.56000000,25.56000000
20150630,25.44000000,25.92000000,24.84000000,25.44000000,69,1755,N/A,N/A,74388,35089,"NYSE","Basic Materials","Basic Materials/Agriculture","Common Stock",25.44000000,25.44000000
20150701,24.84000000,26.40000000,24.84000000,26.40000000,78,2059,N/A,N/A,77195,35089,"NYSE","Basic Materials","Basic Materials/Agriculture","Common Stock",26.40000000,26.40000000
20150702,26.16000000,26.16000000,25.32000000,25.80000000,35,903,N/A,N/A,75440,35089,"NYSE","Basic Materials","Basic Materials/Agriculture","Common Stock",25.80000000,25.80000000
20150703,26.16000000,26.16000000,25.32000000,25.80000000,0,0,N/A,N/A,0,0,"NYSE","Basic Materials","Basic Materials/Agriculture","Common Stock",2.15000000,25.80000000
20150706,24.96000000,25.56000000,24.96000000,25.56000000,105,2684,N/A,N/A,74739,35089,"NYSE","Basic Materials","Basic Materials/Agriculture","Common Stock",25.56000000,25.56000000
20150707,25.32000000,25.44000000,22.56000000,23.16000000,240,5558,N/A,N/A,67721,35089,"NYSE","Basic Materials","Basic Materials/Agriculture","Common Stock",23.16000000,23.16000000
20150708,22.32000000,22.68000000,21.60000000,21.84000000,153,3342,N/A,N/A,63861,35089,"NYSE","Basic Materials","Basic Materials/Agriculture","Common Stock",21.84000000,21.84000000
20150709,22.44000000,23.64000000,22.44000000,23.40000000,84,1966,N/A,N/A,68423,35089,"NYSE","Basic Materials","Basic Materials/Agriculture","Common Stock",23.40000000,23.40000000
20150710,23.40000000,24.00000000,23.40000000,23.52000000,58,1364,N/A,N/A,68774,35089,"NYSE","Basic Materials","Basic Materials/Agriculture","Common Stock",23.52000000,23.52000000
20150713,23.52000000,24.36000000,23.40000000,24.24000000,74,1794,N/A,N/A,70879,35089,"NYSE","Basic Materials","Basic Materials/Agriculture","Common Stock",24.24000000,24.24000000
20150714,24.12000000,24.72000000,23.76000000,24.24000000,57,1382,N/A,N/A,70879,35089,"NYSE","Basic Materials","Basic Materials/Agriculture","Common Stock",24.24000000,24.24000000
20150715,24.60000000,24.84000000,24.24000000,24.60000000,46,1132,N/A,N/A,71932,35089,"NYSE","Basic Materials","Basic Materials/Agriculture","Common Stock",24.60000000,24.60000000
20150716,24.84000000,25.08000000,24.48000000,24.84000000,22,546,N/A,N/A,72633,35089,"NYSE","Basic Materials","Basic Materials/Agriculture","Common Stock",24.84000000,24.84000000
20150717,24.36000000,25.08000000,23.88000000,24.84000000,114,2832,N/A,N/A,72633,35089,"NYSE","Basic Materials","Basic Materials/Agriculture","Common Stock",24.84000000,24.84000000
20150720,24.72000000,24.96000000,23.88000000,24.36000000,51,1242,N/A,N/A,71230,35089,"NYSE","Basic Materials","Basic Materials/Agriculture","Common Stock",24.36000000,24.36000000
20150721,24.36000000,25.08000000,24.12000000,24.84000000,44,1093,N/A,N/A,72633,35089,"NYSE","Basic Materials","Basic Materials/Agriculture","Common Stock",24.84000000,24.84000000
20150722,24.84000000,25.44000000,24.84000000,24.96000000,67,1672,N/A,N/A,72984,35089,"NYSE","Basic Materials","Basic Materials/Agriculture","Common Stock",24.96000000,24.96000000
20150723,25.08000000,25.80000000,24.72000000,25.80000000,97,2503,N/A,N/A,75440,35089,"NYSE","Basic Materials","Basic Materials/Agriculture","Common Stock",25.80000000,25.80000000
20150724,25.68000000,25.68000000,24.72000000,24.84000000,83,2062,N/A,N/A,72633,35089,"NYSE","Basic Materials","Basic Materials/Agriculture","Common Stock",24.84000000,24.84000000
20150727,24.60000000,24.60000000,23.16000000,23.52000000,119,2799,N/A,N/A,68774,35089,"NYSE","Basic Materials","Basic Materials/Agriculture","Common Stock",23.52000000,23.52000000
20150728,23.40000000,23.52000000,23.16000000,23.40000000,20,468,N/A,N/A,68423,35089,"NYSE","Basic Materials","Basic Materials/Agriculture","Common Stock",23.40000000,23.40000000
20150729,23.04000000,23.40000000,22.80000000,23.40000000,10,234,N/A,N/A,68423,35089,"NYSE","Basic Materials","Basic Materials/Agriculture","Common Stock",23.40000000,23.40000000
20150730,23.28000000,24.12000000,23.28000000,23.88000000,33,788,N/A,N/A,69826,35089,"NYSE","Basic Materials","Basic Materials/Agriculture","Common Stock",23.88000000,23.88000000
20150731,23.88000000,24.00000000,23.52000000,23.64000000,16,378,N/A,N/A,69125,35089,"NYSE","Basic Materials","Basic Materials/Agriculture","Common Stock",23.64000000,23.64000000
20150803,23.52000000,24.00000000,23.52000000,23.64000000,18,426,N/A,N/A,69125,35089,"NYSE","Basic Materials","Basic Materials/Agriculture","Common Stock",23.64000000,23.64000000
20150804,23.64000000,24.00000000,23.64000000,23.88000000,19,454,N/A,N/A,69826,35089,"NYSE","Basic Materials","Basic Materials/Agriculture","Common Stock",23.88000000,23.88000000
20150805,24.36000000,24.60000000,24.12000000,24.36000000,22,536,N/A,N/A,71230,35089,"NYSE","Basic Materials","Basic Materials/Agriculture","Common Stock",24.36000000,24.36000000
20150806,24.36000000,24.36000000,23.52000000,23.76000000,27,642,N/A,N/A,69475,35089,"NYSE","Basic Materials","Basic Materials/Agriculture","Common Stock",23.76000000,23.76000000
20150807,23.76000000,24.48000000,22.92000000,22.92000000,84,1925,N/A,N/A,67019,35089,"NYSE","Basic Materials","Basic Materials/Agriculture","Common Stock",22.92000000,22.92000000
20150810,22.92000000,23.76000000,22.92000000,23.16000000,52,1204,N/A,N/A,67721,35089,"NYSE","Basic Materials","Basic Materials/Agriculture","Common Stock",23.16000000,23.16000000
20150811,23.76000000,23.76000000,22.92000000,23.16000000,36,834,N/A,N/A,67721,35089,"NYSE","Basic Materials","Basic Materials/Agriculture","Common Stock",23.16000000,23.16000000
20150812,23.04000000,23.40000000,22.80000000,22.80000000,22,502,N/A,N/A,66668,35089,"NYSE","Basic Materials","Basic Materials/Agriculture","Common Stock",22.80000000,22.80000000
20150813,22.80000000,23.16000000,22.80000000,23.04000000,17,392,N/A,N/A,67370,35089,"NYSE","Basic Materials","Basic Materials/Agriculture","Common Stock",23.04000000,23.04000000
20150814,22.92000000,23.28000000,22.92000000,23.16000000,13,301,N/A,N/A,67721,35089,"NYSE","Basic Materials","Basic Materials/Agriculture","Common Stock",23.16000000,23.16000000
20150817,23.16000000,23.76000000,23.16000000,23.40000000,15,351,N/A,N/A,68423,35089,"NYSE","Basic Materials","Basic Materials/Agriculture","Common Stock",23.40000000,23.40000000
20150818,23.16000000,23.40000000,21.72000000,21.72000000,69,1499,N/A,N/A,63510,35089,"NYSE","Basic Materials","Basic Materials/Agriculture","Common Stock",21.72000000,21.72000000
20150819,21.96000000,22.08000000,21.36000000,21.48000000,67,1439,N/A,N/A,62809,35089,"NYSE","Basic Materials","Basic Materials/Agriculture","Common Stock",21.48000000,21.48000000
20150820,21.48000000,21.60000000,21.00000000,21.12000000,45,950,N/A,N/A,61756,35089,"NYSE","Basic Materials","Basic Materials/Agriculture","Common Stock",21.12000000,21.12000000
20150821,21.24000000,21.24000000,19.80000000,20.28000000,134,2718,N/A,N/A,59300,35089,"NYSE","Basic Materials","Basic Materials/Agriculture","Common Stock",20.28000000,20.28000000
20150824,19.32000000,21.12000000,19.20000000,20.28000000,123,2494,N/A,N/A,59300,35089,"NYSE","Basic Materials","Basic Materials/Agriculture","Common Stock",20.28000000,20.28000000
20150825,19.32000000,21.00000000,18.12000000,20.52000000,175,3591,N/A,N/A,60001,35089,"NYSE","Basic Materials","Basic Materials/Agriculture","Common Stock",20.52000000,20.52000000
20150826,20.52000000,21.36000000,20.40000000,20.64000000,39,805,N/A,N/A,60352,35089,"NYSE","Basic Materials","Basic Materials/Agriculture","Common Stock",20.64000000,20.64000000
20150827,20.40000000,22.44000000,20.40000000,22.08000000,48,1060,N/A,N/A,64563,35089,"NYSE","Basic Materials","Basic Materials/Agriculture","Common Stock",22.08000000,22.08000000
20150828,21.72000000,22.92000000,21.00000000,21.96000000,38,834,N/A,N/A,64212,35089,"NYSE","Basic Materials","Basic Materials/Agriculture","Common Stock",21.96000000,21.96000000
20150831,22.68000000,22.92000000,22.08000000,22.32000000,19,424,N/A,N/A,65265,35089,"NYSE","Basic Materials","Basic Materials/Agriculture","Common Stock",22.32000000,22.32000000
20150901,21.96000000,22.20000000,21.00000000,21.48000000,31,666,N/A,N/A,62809,35089,"NYSE","Basic Materials","Basic Materials/Agriculture","Common Stock",21.48000000,21.48000000
20150902,21.36000000,22.08000000,21.12000000,21.24000000,13,276,N/A,N/A,62107,35089,"NYSE","Basic Materials","Basic Materials/Agriculture","Common Stock",21.24000000,21.24000000
20150903,21.00000000,21.48000000,21.00000000,21.00000000,9,189,N/A,N/A,61405,35089,"NYSE","Basic Materials","Basic Materials/Agriculture","Common Stock",21.00000000,21.00000000
20150904,21.24000000,22.08000000,21.24000000,22.08000000,12,265,N/A,N/A,64563,35089,"NYSE","Basic Materials","Basic Materials/Agriculture","Common Stock",22.08000000,22.08000000
20150907,21.24000000,22.08000000,21.24000000,22.08000000,0,0,N/A,N/A,0,0,"NYSE","Basic Materials","Basic Materials/Agriculture","Common Stock",1.84000000,22.08000000
20150908,22.56000000,22.56000000,22.08000000,22.20000000,39,866,N/A,N/A,64914,35089,"NYSE","Basic Materials","Basic Materials/Agriculture","Common Stock",22.20000000,22.20000000
20150909,22.20000000,22.80000000,21.72000000,22.20000000,15,333,N/A,N/A,64914,35089,"NYSE","Basic Materials","Basic Materials/Agriculture","Common Stock",22.20000000,22.20000000
20150910,22.44000000,22.68000000,21.72000000,21.84000000,19,415,N/A,N/A,63861,35089,"NYSE","Basic Materials","Basic Materials/Agriculture","Common Stock",21.84000000,21.84000000
20150911,21.36000000,23.76000000,21.12000000,23.76000000,79,1877,N/A,N/A,69475,35089,"NYSE","Basic Materials","Basic Materials/Agriculture","Common Stock",23.76000000,23.76000000
20150914,23.76000000,23.76000000,21.60000000,21.60000000,89,1922,N/A,N/A,63159,35089,"NYSE","Basic Materials","Basic Materials/Agriculture","Common Stock",21.60000000,21.60000000
20150915,21.96000000,22.08000000,21.60000000,21.84000000,12,262,N/A,N/A,63861,35089,"NYSE","Basic Materials","Basic Materials/Agriculture","Common Stock",21.84000000,21.84000000
20150916,21.84000000,22.68000000,20.64000000,21.24000000,96,2039,N/A,N/A,62107,35089,"NYSE","Basic Materials","Basic Materials/Agriculture","Common Stock",21.24000000,21.24000000
20150917,21.24000000,21.84000000,21.00000000,21.00000000,52,1092,N/A,N/A,61405,35089,"NYSE","Basic Materials","Basic Materials/Agriculture","Common Stock",21.00000000,21.00000000
20150918,21.12000000,21.84000000,20.64000000,21.48000000,53,1138,N/A,N/A,62809,35089,"NYSE","Basic Materials","Basic Materials/Agriculture","Common Stock",21.48000000,21.48000000
20150921,20.52000000,21.24000000,20.40000000,21.12000000,25,528,N/A,N/A,61756,35089,"NYSE","Basic Materials","Basic Materials/Agriculture","Common Stock",21.12000000,21.12000000
20150922,21.24000000,21.36000000,20.64000000,20.64000000,16,330,N/A,N/A,60352,35089,"NYSE","Basic Materials","Basic Materials/Agriculture","Common Stock",20.64000000,20.64000000
20150923,20.52000000,21.00000000,20.16000000,20.40000000,154,3142,N/A,N/A,59651,35089,"NYSE","Basic Materials","Basic Materials/Agriculture","Common Stock",20.40000000,20.40000000
20150924,20.64000000,20.64000000,20.16000000,20.52000000,20,410,N/A,N/A,60001,35089,"NYSE","Basic Materials","Basic Materials/Agriculture","Common Stock",20.52000000,20.52000000
20150925,20.40000000,20.52000000,20.04000000,20.16000000,23,464,N/A,N/A,58949,35089,"NYSE","Basic Materials","Basic Materials/Agriculture","Common Stock",20.16000000,20.16000000
20150928,19.92000000,20.64000000,19.32000000,19.92000000,98,1952,N/A,N/A,58247,35089,"NYSE","Basic Materials","Basic Materials/Agriculture","Common Stock",19.92000000,19.92000000
20150929,20.40000000,20.40000000,19.56000000,19.68000000,90,1771,N/A,N/A,57545,35089,"NYSE","Basic Materials","Basic Materials/Agriculture","Common Stock",19.68000000,19.68000000
20150930,20.04000000,21.00000000,19.80000000,20.52000000,26,534,N/A,N/A,60001,35089,"NYSE","Basic Materials","Basic Materials/Agriculture","Common Stock",20.52000000,20.52000000
20151001,20.28000000,21.12000000,20.16000000,21.00000000,39,819,N/A,N/A,61405,35089,"NYSE","Basic Materials","Basic Materials/Agriculture","Common Stock",21.00000000,21.00000000
20151002,21.00000000,21.96000000,20.64000000,21.96000000,41,900,N/A,N/A,64212,35089,"NYSE","Basic Materials","Basic Materials/Agriculture","Common Stock",21.96000000,21.96000000
20151005,21.72000000,23.04000000,21.72000000,22.68000000,53,1202,N/A,N/A,66317,35089,"NYSE","Basic Materials","Basic Materials/Agriculture","Common Stock",22.68000000,22.68000000
20151006,22.80000000,22.80000000,22.44000000,22.68000000,10,227,N/A,N/A,66317,35089,"NYSE","Basic Materials","Basic Materials/Agriculture","Common Stock",22.68000000,22.68000000
20151007,22.80000000,23.40000000,22.44000000,23.16000000,32,741,N/A,N/A,67721,35089,"NYSE","Basic Materials","Basic Materials/Agriculture","Common Stock",23.16000000,23.16000000
20151008,23.16000000,23.16000000,22.44000000,22.56000000,37,835,N/A,N/A,65967,35089,"NYSE","Basic Materials","Basic Materials/Agriculture","Common Stock",22.56000000,22.56000000
20151009,21.96000000,22.08000000,21.12000000,22.08000000,58,1281,N/A,N/A,64563,35089,"NYSE","Basic Materials","Basic Materials/Agriculture","Common Stock",22.08000000,22.08000000
20151012,22.08000000,22.08000000,20.40000000,21.36000000,49,1047,N/A,N/A,62458,35089,"NYSE","Basic Materials","Basic Materials/Agriculture","Common Stock",21.36000000,21.36000000
20151013,21.24000000,22.08000000,21.24000000,21.48000000,15,322,N/A,N/A,62809,35089,"NYSE","Basic Materials","Basic Materials/Agriculture","Common Stock",21.48000000,21.48000000
20151014,21.24000000,21.48000000,20.76000000,21.00000000,22,462,N/A,N/A,61405,35089,"NYSE","Basic Materials","Basic Materials/Agriculture","Common Stock",21.00000000,21.00000000
20151015,21.60000000,21.60000000,21.00000000,21.12000000,14,296,N/A,N/A,61756,35089,"NYSE","Basic Materials","Basic Materials/Agriculture","Common Stock",21.12000000,21.12000000
20151016,21.00000000,21.12000000,20.64000000,20.76000000,122,2533,N/A,N/A,60703,35089,"NYSE","Basic Materials","Basic Materials/Agriculture","Common Stock",20.76000000,20.76000000
20151019,20.88000000,22.20000000,20.88000000,21.60000000,47,1015,N/A,N/A,63159,35089,"NYSE","Basic Materials","Basic Materials/Agriculture","Common Stock",21.60000000,21.60000000
20151020,21.36000000,22.20000000,21.36000000,21.84000000,72,1572,N/A,N/A,63861,35089,"NYSE","Basic Materials","Basic Materials/Agriculture","Common Stock",21.84000000,21.84000000
20151021,21.72000000,22.20000000,21.24000000,21.72000000,28,608,N/A,N/A,63510,35089,"NYSE","Basic Materials","Basic Materials/Agriculture","Common Stock",21.72000000,21.72000000
20151022,21.60000000,22.20000000,21.36000000,21.84000000,15,328,N/A,N/A,63861,35089,"NYSE","Basic Materials","Basic Materials/Agriculture","Common Stock",21.84000000,21.84000000
20151023,21.48000000,22.20000000,21.24000000,21.60000000,19,410,N/A,N/A,63159,35089,"NYSE","Basic Materials","Basic Materials/Agriculture","Common Stock",21.60000000,21.60000000
20151026,21.12000000,21.84000000,21.12000000,21.36000000,11,235,N/A,N/A,62458,35089,"NYSE","Basic Materials","Basic Materials/Agriculture","Common Stock",21.36000000,21.36000000
20151027,21.00000000,21.60000000,21.00000000,21.00000000,20,420,N/A,N/A,61405,35089,"NYSE","Basic Materials","Basic Materials/Agriculture","Common Stock",21.00000000,21.00000000
20151028,21.12000000,21.36000000,21.00000000,21.12000000,9,190,N/A,N/A,61756,35089,"NYSE","Basic Materials","Basic Materials/Agriculture","Common Stock",21.12000000,21.12000000
20151029,21.36000000,21.60000000,21.12000000,21.24000000,5,106,N/A,N/A,62107,35089,"NYSE","Basic Materials","Basic Materials/Agriculture","Common Stock",21.24000000,21.24000000
20151030,21.36000000,21.48000000,20.40000000,20.40000000,33,673,N/A,N/A,59651,35089,"NYSE","Basic Materials","Basic Materials/Agriculture","Common Stock",20.40000000,20.40000000
20151102,20.40000000,21.48000000,20.40000000,21.24000000,26,552,N/A,N/A,62107,35089,"NYSE","Basic Materials","Basic Materials/Agriculture","Common Stock",21.24000000,21.24000000
20151103,21.60000000,21.84000000,21.24000000,21.60000000,51,1102,N/A,N/A,63159,35089,"NYSE","Basic Materials","Basic Materials/Agriculture","Common Stock",21.60000000,21.60000000
20151104,21.84000000,21.84000000,21.60000000,21.84000000,17,371,N/A,N/A,63861,35089,"NYSE","Basic Materials","Basic Materials/Agriculture","Common Stock",21.84000000,21.84000000
20151105,21.84000000,21.84000000,21.48000000,21.60000000,12,259,N/A,N/A,63159,35089,"NYSE","Basic Materials","Basic Materials/Agriculture","Common Stock",21.60000000,21.60000000
20151106,21.84000000,22.56000000,21.48000000,21.96000000,54,1186,N/A,N/A,67593,36936,"NYSE","Basic Materials","Basic Materials/Agriculture","Common Stock",21.96000000,21.96000000
20151109,21.12000000,22.08000000,21.12000000,21.96000000,5,110,N/A,N/A,67593,36936,"NYSE","Basic Materials","Basic Materials/Agriculture","Common Stock",21.96000000,21.96000000
20151110,21.24000000,22.20000000,21.24000000,21.96000000,9,198,N/A,N/A,67593,36936,"NYSE","Basic Materials","Basic Materials/Agriculture","Common Stock",21.96000000,21.96000000
20151111,21.84000000,22.32000000,21.84000000,22.08000000,42,927,N/A,N/A,67962,36936,"NYSE","Basic Materials","Basic Materials/Agriculture","Common Stock",22.08000000,22.08000000
20151112,21.84000000,22.20000000,21.84000000,22.08000000,28,618,N/A,N/A,67962,36936,"NYSE","Basic Materials","Basic Materials/Agriculture","Common Stock",22.08000000,22.08000000
20151113,21.84000000,21.96000000,20.40000000,20.76000000,57,1183,N/A,N/A,63899,36936,"NYSE","Basic Materials","Basic Materials/Agriculture","Common Stock",20.76000000,20.76000000
20151116,20.40000000,20.76000000,20.40000000,20.76000000,35,727,N/A,N/A,63899,36936,"NYSE","Basic Materials","Basic Materials/Agriculture","Common Stock",20.76000000,20.76000000
20151117,20.40000000,20.76000000,20.40000000,20.52000000,20,410,N/A,N/A,63161,36936,"NYSE","Basic Materials","Basic Materials/Agriculture","Common Stock",20.52000000,20.52000000
20151118,20.40000000,21.12000000,20.40000000,20.40000000,17,347,N/A,N/A,62791,36936,"NYSE","Basic Materials","Basic Materials/Agriculture","Common Stock",20.40000000,20.40000000
20151119,20.52000000,21.36000000,20.40000000,21.00000000,50,1050,N/A,N/A,64638,36936,"NYSE","Basic Materials","Basic Materials/Agriculture","Common Stock",21.00000000,21.00000000
20151120,20.52000000,20.88000000,20.52000000,20.64000000,30,619,N/A,N/A,63530,36936,"NYSE","Basic Materials","Basic Materials/Agriculture","Common Stock",20.64000000,20.64000000
20151123,20.64000000,20.64000000,20.28000000,20.28000000,34,690,N/A,N/A,62422,36936,"NYSE","Basic Materials","Basic Materials/Agriculture","Common Stock",20.28000000,20.28000000
20151124,20.28000000,21.00000000,20.28000000,20.28000000,27,548,N/A,N/A,62422,36936,"NYSE","Basic Materials","Basic Materials/Agriculture","Common Stock",20.28000000,20.28000000
20151125,20.28000000,20.88000000,20.28000000,20.52000000,19,390,N/A,N/A,63161,36936,"NYSE","Basic Materials","Basic Materials/Agriculture","Common Stock",20.52000000,20.52000000
20151126,20.28000000,20.88000000,20.28000000,20.52000000,0,0,N/A,N/A,0,0,"NYSE","Basic Materials","Basic Materials/Agriculture","Common Stock",1.71000000,20.52000000
20151127,20.28000000,20.40000000,20.28000000,20.40000000,4,82,N/A,N/A,62791,36936,"NYSE","Basic Materials","Basic Materials/Agriculture","Common Stock",20.40000000,20.40000000
20151130,20.28000000,21.00000000,20.28000000,21.00000000,13,273,N/A,N/A,64638,36936,"NYSE","Basic Materials","Basic Materials/Agriculture","Common Stock",21.00000000,21.00000000
20151201,21.00000000,22.08000000,20.52000000,21.84000000,52,1136,N/A,N/A,67224,36936,"NYSE","Basic Materials","Basic Materials/Agriculture","Common Stock",21.84000000,21.84000000
20151202,20.76000000,21.72000000,20.40000000,20.64000000,22,454,N/A,N/A,63530,36936,"NYSE","Basic Materials","Basic Materials/Agriculture","Common Stock",20.64000000,20.64000000
20151203,20.76000000,21.00000000,20.40000000,20.40000000,6,122,N/A,N/A,62791,36936,"NYSE","Basic Materials","Basic Materials/Agriculture","Common Stock",20.40000000,20.40000000
20151204,20.40000000,20.76000000,20.16000000,20.52000000,21,431,N/A,N/A,63161,36936,"NYSE","Basic Materials","Basic Materials/Agriculture","Common Stock",20.52000000,20.52000000
20151207,20.52000000,20.52000000,19.56000000,20.16000000,39,786,N/A,N/A,62053,36936,"NYSE","Basic Materials","Basic Materials/Agriculture","Common Stock",20.16000000,20.16000000
20151208,20.16000000,20.16000000,19.20000000,19.20000000,33,634,N/A,N/A,59098,36936,"NYSE","Basic Materials","Basic Materials/Agriculture","Common Stock",19.20000000,19.20000000
20151209,19.20000000,19.80000000,19.20000000,19.80000000,19,376,N/A,N/A,60945,36936,"NYSE","Basic Materials","Basic Materials/Agriculture","Common Stock",19.80000000,19.80000000
20151210,19.80000000,19.80000000,19.20000000,19.44000000,44,855,N/A,N/A,59836,36936,"NYSE","Basic Materials","Basic Materials/Agriculture","Common Stock",19.44000000,19.44000000
20151211,19.20000000,19.44000000,18.96000000,18.96000000,41,777,N/A,N/A,58359,36936,"NYSE","Basic Materials","Basic Materials/Agriculture","Common Stock",18.96000000,18.96000000
20151214,18.96000000,19.08000000,18.72000000,19.08000000,35,668,N/A,N/A,58728,36936,"NYSE","Basic Materials","Basic Materials/Agriculture","Common Stock",19.08000000,19.08000000
20151215,19.08000000,19.08000000,18.60000000,18.72000000,23,431,N/A,N/A,57620,36936,"NYSE","Basic Materials","Basic Materials/Agriculture","Common Stock",18.72000000,18.72000000
20151216,18.60000000,18.72000000,18.24000000,18.36000000,39,716,N/A,N/A,56512,36936,"NYSE","Basic Materials","Basic Materials/Agriculture","Common Stock",18.36000000,18.36000000
20151217,18.24000000,18.96000000,18.24000000,18.60000000,18,335,N/A,N/A,57251,36936,"NYSE","Basic Materials","Basic Materials/Agriculture","Common Stock",18.60000000,18.60000000
20151218,18.60000000,18.84000000,18.12000000,18.12000000,25,453,N/A,N/A,55773,36936,"NYSE","Basic Materials","Basic Materials/Agriculture","Common Stock",18.12000000,18.12000000
20151221,18.12000000,18.96000000,17.88000000,18.72000000,49,917,N/A,N/A,57620,36936,"NYSE","Basic Materials","Basic Materials/Agriculture","Common Stock",18.72000000,18.72000000
20151222,18.96000000,19.32000000,18.72000000,19.20000000,25,480,N/A,N/A,59098,36936,"NYSE","Basic Materials","Basic Materials/Agriculture","Common Stock",19.20000000,19.20000000
20151223,18.96000000,19.56000000,18.96000000,19.56000000,19,372,N/A,N/A,60206,36936,"NYSE","Basic Materials","Basic Materials/Agriculture","Common Stock",19.56000000,19.56000000
20151224,19.68000000,19.68000000,19.32000000,19.56000000,6,117,N/A,N/A,60206,36936,"NYSE","Basic Materials","Basic Materials/Agriculture","Common Stock",19.56000000,19.56000000
20151225,19.68000000,19.68000000,19.32000000,19.56000000,0,0,N/A,N/A,0,0,"NYSE","Basic Materials","Basic Materials/Agriculture","Common Stock",1.63000000,19.56000000
20151228,19.44000000,19.56000000,18.00000000,18.48000000,43,795,N/A,N/A,56882,36936,"NYSE","Basic Materials","Basic Materials/Agriculture","Common Stock",18.48000000,18.48000000
20151229,18.96000000,19.08000000,18.00000000,18.36000000,79,1450,N/A,N/A,56512,36936,"NYSE","Basic Materials","Basic Materials/Agriculture","Common Stock",18.36000000,18.36000000
20151230,18.12000000,18.60000000,18.12000000,18.60000000,62,1153,N/A,N/A,57251,36936,"NYSE","Basic Materials","Basic Materials/Agriculture","Common Stock",18.60000000,18.60000000
20151231,17.28000000,18.48000000,17.16000000,18.36000000,147,2699,N/A,N/A,56512,36936,"NYSE","Basic Materials","Basic Materials/Agriculture","Common Stock",18.36000000,18.36000000
20160101,17.28000000,18.48000000,17.16000000,18.36000000,0,0,N/A,N/A,0,0,"NYSE","Basic Materials","Basic Materials/Agriculture","Common Stock",1.53000000,18.36000000
20160104,17.76000000,18.00000000,17.40000000,17.76000000,42,746,N/A,N/A,54665,36936,"NYSE","Basic Materials","Basic Materials/Agriculture","Common Stock",17.76000000,17.76000000
20160105,18.00000000,18.00000000,17.64000000,17.64000000,40,706,N/A,N/A,54296,36936,"NYSE","Basic Materials","Basic Materials/Agriculture","Common Stock",17.64000000,17.64000000
20160106,17.64000000,17.76000000,17.16000000,17.28000000,66,1140,N/A,N/A,53188,36936,"NYSE","Basic Materials","Basic Materials/Agriculture","Common Stock",17.28000000,17.28000000
20160107,16.80000000,16.80000000,16.32000000,16.68000000,77,1284,N/A,N/A,51341,36936,"NYSE","Basic Materials","Basic Materials/Agriculture","Common Stock",16.68000000,16.68000000
20160108,16.92000000,16.92000000,15.24000000,15.24000000,151,2301,N/A,N/A,46909,36936,"NYSE","Basic Materials","Basic Materials/Agriculture","Common Stock",15.24000000,15.24000000
20160111,14.88000000,15.24000000,14.40000000,14.64000000,140,2050,N/A,N/A,45062,36936,"NYSE","Basic Materials","Basic Materials/Agriculture","Common Stock",14.64000000,14.64000000
20160112,14.40000000,14.64000000,13.20000000,13.44000000,210,2822,N/A,N/A,41368,36936,"NYSE","Basic Materials","Basic Materials/Agriculture","Common Stock",13.44000000,13.44000000
20160113,13.44000000,13.68000000,13.20000000,13.20000000,46,607,N/A,N/A,40630,36936,"NYSE","Basic Materials","Basic Materials/Agriculture","Common Stock",13.20000000,13.20000000
20160114,13.80000000,16.08000000,13.44000000,16.08000000,176,2830,N/A,N/A,49494,36936,"NYSE","Basic Materials","Basic Materials/Agriculture","Common Stock",16.08000000,16.08000000
20160115,15.96000000,15.96000000,14.52000000,14.64000000,65,952,N/A,N/A,45062,36936,"NYSE","Basic Materials","Basic Materials/Agriculture","Common Stock",14.64000000,14.64000000
20160118,15.96000000,15.96000000,14.52000000,14.64000000,0,0,N/A,N/A,0,0,"NYSE","Basic Materials","Basic Materials/Agriculture","Common Stock",1.22000000,14.64000000
20160119,14.64000000,15.36000000,14.64000000,15.00000000,24,360,N/A,N/A,46170,36936,"NYSE","Basic Materials","Basic Materials/Agriculture","Common Stock",15.00000000,15.00000000
20160120,15.60000000,15.60000000,14.04000000,14.64000000,40,586,N/A,N/A,45062,36936,"NYSE","Basic Materials","Basic Materials/Agriculture","Common Stock",14.64000000,14.64000000
20160121,14.40000000,15.12000000,14.28000000,14.28000000,16,228,N/A,N/A,43954,36936,"NYSE","Basic Materials","Basic Materials/Agriculture","Common Stock",14.28000000,14.28000000
20160122,14.76000000,15.24000000,14.40000000,14.40000000,33,475,N/A,N/A,44323,36936,"NYSE","Basic Materials","Basic Materials/Agriculture","Common Stock",14.40000000,14.40000000
20160125,14.88000000,15.12000000,14.52000000,14.64000000,37,542,N/A,N/A,45062,36936,"NYSE","Basic Materials","Basic Materials/Agriculture","Common Stock",14.64000000,14.64000000
20160126,15.48000000,15.48000000,14.16000000,14.52000000,37,537,N/A,N/A,44693,36936,"NYSE","Basic Materials","Basic Materials/Agriculture","Common Stock",14.52000000,14.52000000
20160127,14.52000000,14.88000000,14.28000000,14.52000000,17,247,N/A,N/A,44693,36936,"NYSE","Basic Materials","Basic Materials/Agriculture","Common Stock",14.52000000,14.52000000
20160128,14.52000000,15.00000000,14.52000000,14.76000000,31,458,N/A,N/A,45431,36936,"NYSE","Basic Materials","Basic Materials/Agriculture","Common Stock",14.76000000,14.76000000
20160129,14.52000000,15.00000000,14.52000000,15.00000000,17,255,N/A,N/A,46170,36936,"NYSE","Basic Materials","Basic Materials/Agriculture","Common Stock",15.00000000,15.00000000
20160201,15.48000000,15.48000000,14.88000000,14.88000000,26,387,N/A,N/A,45801,36936,"NYSE","Basic Materials","Basic Materials/Agriculture","Common Stock",14.88000000,14.88000000
20160202,14.76000000,15.36000000,14.16000000,14.88000000,27,402,N/A,N/A,45842,36970,"NYSE","Basic Materials","Basic Materials/Agriculture","Common Stock",14.88000000,14.88000000
20160203,15.00000000,15.72000000,15.00000000,15.36000000,29,445,N/A,N/A,47321,36970,"NYSE","Basic Materials","Basic Materials/Agriculture","Common Stock",15.36000000,15.36000000
20160204,15.84000000,16.08000000,15.24000000,15.48000000,20,310,N/A,N/A,47691,36970,"NYSE","Basic Materials","Basic Materials/Agriculture","Common Stock",15.48000000,15.48000000
20160205,15.84000000,16.20000000,15.24000000,16.08000000,23,370,N/A,N/A,49539,36970,"NYSE","Basic Materials","Basic Materials/Agriculture","Common Stock",16.08000000,16.08000000
20160208,15.84000000,15.96000000,14.64000000,14.64000000,49,717,N/A,N/A,45103,36970,"NYSE","Basic Materials","Basic Materials/Agriculture","Common Stock",14.64000000,14.64000000
20160209,15.00000000,15.12000000,14.64000000,14.76000000,24,354,N/A,N/A,45473,36970,"NYSE","Basic Materials","Basic Materials/Agriculture","Common Stock",14.76000000,14.76000000
20160210,15.36000000,15.84000000,14.16000000,14.16000000,50,708,N/A,N/A,43624,36970,"NYSE","Basic Materials","Basic Materials/Agriculture","Common Stock",14.16000000,14.16000000
20160211,13.92000000,14.40000000,13.92000000,14.04000000,17,239,N/A,N/A,43254,36970,"NYSE","Basic Materials","Basic Materials/Agriculture","Common Stock",14.04000000,14.04000000
20160212,13.80000000,14.40000000,13.80000000,14.04000000,15,211,N/A,N/A,43254,36970,"NYSE","Basic Materials","Basic Materials/Agriculture","Common Stock",14.04000000,14.04000000
20160215,13.80000000,14.40000000,13.80000000,14.04000000,0,0,N/A,N/A,0,0,"NYSE","Basic Materials","Basic Materials/Agriculture","Common Stock",1.17000000,14.04000000
20160216,14.04000000,15.00000000,13.68000000,14.76000000,28,413,N/A,N/A,45473,36970,"NYSE","Basic Materials","Basic Materials/Agriculture","Common Stock",14.76000000,14.76000000
20160217,14.40000000,15.48000000,14.40000000,15.48000000,28,433,N/A,N/A,47691,36970,"NYSE","Basic Materials","Basic Materials/Agriculture","Common Stock",15.48000000,15.48000000
20160218,15.72000000,15.84000000,14.88000000,15.24000000,32,488,N/A,N/A,46951,36970,"NYSE","Basic Materials","Basic Materials/Agriculture","Common Stock",15.24000000,15.24000000
20160219,15.48000000,15.60000000,14.76000000,15.24000000,38,579,N/A,N/A,46951,36970,"NYSE","Basic Materials","Basic Materials/Agriculture","Common Stock",15.24000000,15.24000000
20160222,15.00000000,15.36000000,15.00000000,15.12000000,17,257,N/A,N/A,46582,36970,"NYSE","Basic Materials","Basic Materials/Agriculture","Common Stock",15.12000000,15.12000000
20160223,15.12000000,15.12000000,14.76000000,14.76000000,12,177,N/A,N/A,45473,36970,"NYSE","Basic Materials","Basic Materials/Agriculture","Common Stock",14.76000000,14.76000000
20160224,14.64000000,15.24000000,14.52000000,15.00000000,19,285,N/A,N/A,46212,36970,"NYSE","Basic Materials","Basic Materials/Agriculture","Common Stock",15.00000000,15.00000000
20160225,14.52000000,14.88000000,14.40000000,14.64000000,10,146,N/A,N/A,45103,36970,"NYSE","Basic Materials","Basic Materials/Agriculture","Common Stock",14.64000000,14.64000000
20160226,14.88000000,15.96000000,14.76000000,15.72000000,87,1368,N/A,N/A,48430,36970,"NYSE","Basic Materials","Basic Materials/Agriculture","Common Stock",15.72000000,15.72000000
20160229,15.60000000,16.56000000,15.48000000,16.44000000,77,1266,N/A,N/A,50648,36970,"NYSE","Basic Materials","Basic Materials/Agriculture","Common Stock",16.44000000,16.44000000
20160301,16.56000000,17.04000000,16.56000000,17.04000000,47,801,N/A,N/A,52497,36970,"NYSE","Basic Materials","Basic Materials/Agriculture","Common Stock",17.04000000,17.04000000
20160302,16.68000000,17.16000000,16.32000000,16.56000000,45,745,N/A,N/A,51018,36970,"NYSE","Basic Materials","Basic Materials/Agriculture","Common Stock",16.56000000,16.56000000
20160303,16.44000000,17.28000000,16.44000000,16.92000000,22,372,N/A,N/A,52127,36970,"NYSE","Basic Materials","Basic Materials/Agriculture","Common Stock",16.92000000,16.92000000
20160304,17.16000000,17.40000000,16.92000000,17.40000000,32,557,N/A,N/A,53606,36970,"NYSE","Basic Materials","Basic Materials/Agriculture","Common Stock",17.40000000,17.40000000
20160307,17.40000000,17.76000000,16.92000000,17.28000000,46,795,N/A,N/A,53236,36970,"NYSE","Basic Materials","Basic Materials/Agriculture","Common Stock",17.28000000,17.28000000
20160308,17.16000000,17.28000000,16.56000000,16.56000000,22,364,N/A,N/A,51018,36970,"NYSE","Basic Materials","Basic Materials/Agriculture","Common Stock",16.56000000,16.56000000
20160309,16.56000000,17.28000000,16.56000000,16.80000000,22,370,N/A,N/A,51757,36970,"NYSE","Basic Materials","Basic Materials/Agriculture","Common Stock",16.80000000,16.80000000
20160310,17.04000000,17.16000000,16.68000000,16.80000000,33,554,N/A,N/A,51757,36970,"NYSE","Basic Materials","Basic Materials/Agriculture","Common Stock",16.80000000,16.80000000
20160311,16.80000000,17.04000000,16.32000000,16.32000000,24,392,N/A,N/A,50279,36970,"NYSE","Basic Materials","Basic Materials/Agriculture","Common Stock",16.32000000,16.32000000
20160314,16.20000000,16.80000000,16.08000000,16.20000000,29,470,N/A,N/A,49909,36970,"NYSE","Basic Materials","Basic Materials/Agriculture","Common Stock",16.20000000,16.20000000
20160315,15.72000000,15.72000000,15.36000000,15.36000000,21,323,N/A,N/A,47321,36970,"NYSE","Basic Materials","Basic Materials/Agriculture","Common Stock",15.36000000,15.36000000
20160316,15.24000000,16.20000000,15.00000000,15.84000000,20,317,N/A,N/A,48800,36970,"NYSE","Basic Materials","Basic Materials/Agriculture","Common Stock",15.84000000,15.84000000
20160317,15.60000000,16.68000000,14.76000000,16.20000000,90,1458,N/A,N/A,49909,36970,"NYSE","Basic Materials","Basic Materials/Agriculture","Common Stock",16.20000000,16.20000000
20160318,16.20000000,16.56000000,14.40000000,15.84000000,206,3263,N/A,N/A,48800,36970,"NYSE","Basic Materials","Basic Materials/Agriculture","Common Stock",15.84000000,15.84000000
20160321,15.60000000,15.72000000,15.24000000,15.48000000,46,712,N/A,N/A,47691,36970,"NYSE","Basic Materials","Basic Materials/Agriculture","Common Stock",15.48000000,15.48000000
20160322,15.00000000,16.20000000,15.00000000,15.96000000,34,543,N/A,N/A,49170,36970,"NYSE","Basic Materials","Basic Materials/Agriculture","Common Stock",15.96000000,15.96000000
20160323,16.08000000,16.08000000,15.60000000,15.84000000,5,79,N/A,N/A,48800,36970,"NYSE","Basic Materials","Basic Materials/Agriculture","Common Stock",15.84000000,15.84000000
20160324,15.84000000,15.84000000,15.12000000,15.24000000,33,503,N/A,N/A,46951,36970,"NYSE","Basic Materials","Basic Materials/Agriculture","Common Stock",15.24000000,15.24000000
20160325,15.84000000,15.84000000,15.12000000,15.24000000,0,0,N/A,N/A,0,0,"NYSE","Basic Materials","Basic Materials/Agriculture","Common Stock",1.27000000,15.24000000
20160328,15.12000000,15.84000000,15.12000000,15.60000000,15,234,N/A,N/A,48061,36970,"NYSE","Basic Materials","Basic Materials/Agriculture","Common Stock",15.60000000,15.60000000
20160329,15.60000000,16.08000000,15.12000000,15.84000000,19,301,N/A,N/A,48800,36970,"NYSE","Basic Materials","Basic Materials/Agriculture","Common Stock",15.84000000,15.84000000
20160330,15.60000000,16.44000000,15.60000000,15.84000000,33,523,N/A,N/A,48800,36970,"NYSE","Basic Materials","Basic Materials/Agriculture","Common Stock",15.84000000,15.84000000
20160331,16.20000000,16.44000000,16.20000000,16.20000000,67,1085,N/A,N/A,49909,36970,"NYSE","Basic Materials","Basic Materials/Agriculture","Common Stock",16.20000000,16.20000000
20160401,16.20000000,16.20000000,15.96000000,15.96000000,46,734,N/A,N/A,49170,36970,"NYSE","Basic Materials","Basic Materials/Agriculture","Common Stock",15.96000000,15.96000000
20160404,16.08000000,16.32000000,16.08000000,16.20000000,45,729,N/A,N/A,49909,36970,"NYSE","Basic Materials","Basic Materials/Agriculture","Common Stock",16.20000000,16.20000000
20160405,14.64000000,15.60000000,14.64000000,15.12000000,112,1693,N/A,N/A,46582,36970,"NYSE","Basic Materials","Basic Materials/Agriculture","Common Stock",15.12000000,15.12000000
20160406,15.12000000,15.72000000,15.12000000,15.60000000,28,437,N/A,N/A,48061,36970,"NYSE","Basic Materials","Basic Materials/Agriculture","Common Stock",15.60000000,15.60000000
20160407,15.84000000,15.84000000,15.48000000,15.84000000,11,174,N/A,N/A,48800,36970,"NYSE","Basic Materials","Basic Materials/Agriculture","Common Stock",15.84000000,15.84000000
20160408,15.84000000,15.84000000,15.60000000,15.72000000,11,173,N/A,N/A,48430,36970,"NYSE","Basic Materials","Basic Materials/Agriculture","Common Stock",15.72000000,15.72000000
20160411,16.56000000,16.80000000,16.20000000,16.20000000,84,1361,N/A,N/A,49909,36970,"NYSE","Basic Materials","Basic Materials/Agriculture","Common Stock",16.20000000,16.20000000
20160412,16.68000000,16.80000000,16.44000000,16.80000000,36,605,N/A,N/A,51757,36970,"NYSE","Basic Materials","Basic Materials/Agriculture","Common Stock",16.80000000,16.80000000
20160413,16.68000000,16.80000000,16.56000000,16.56000000,83,1374,N/A,N/A,51018,36970,"NYSE","Basic Materials","Basic Materials/Agriculture","Common Stock",16.56000000,16.56000000
20160414,16.56000000,16.80000000,16.56000000,16.56000000,44,729,N/A,N/A,51018,36970,"NYSE","Basic Materials","Basic Materials/Agriculture","Common Stock",16.56000000,16.56000000
20160415,16.56000000,16.80000000,16.44000000,16.80000000,19,319,N/A,N/A,51757,36970,"NYSE","Basic Materials","Basic Materials/Agriculture","Common Stock",16.80000000,16.80000000
20160418,16.68000000,16.80000000,16.44000000,16.68000000,30,500,N/A,N/A,51388,36970,"NYSE","Basic Materials","Basic Materials/Agriculture","Common Stock",16.68000000,16.68000000
20160419,16.44000000,16.80000000,16.44000000,16.68000000,30,500,N/A,N/A,51388,36970,"NYSE","Basic Materials","Basic Materials/Agriculture","Common Stock",16.68000000,16.68000000
20160420,16.80000000,16.80000000,16.68000000,16.68000000,25,417,N/A,N/A,51388,36970,"NYSE","Basic Materials","Basic Materials/Agriculture","Common Stock",16.68000000,16.68000000
20160421,16.56000000,16.80000000,16.56000000,16.68000000,10,167,N/A,N/A,51388,36970,"NYSE","Basic Materials","Basic Materials/Agriculture","Common Stock",16.68000000,16.68000000
20160422,16.80000000,16.80000000,16.68000000,16.80000000,27,454,N/A,N/A,51757,36970,"NYSE","Basic Materials","Basic Materials/Agriculture","Common Stock",16.80000000,16.80000000
20160425,16.80000000,16.80000000,16.20000000,16.20000000,20,324,N/A,N/A,49909,36970,"NYSE","Basic Materials","Basic Materials/Agriculture","Common Stock",16.20000000,16.20000000
20160426,16.32000000,16.68000000,16.32000000,16.44000000,13,214,N/A,N/A,50648,36970,"NYSE","Basic Materials","Basic Materials/Agriculture","Common Stock",16.44000000,16.44000000
20160427,16.44000000,16.56000000,16.20000000,16.44000000,12,197,N/A,N/A,50648,36970,"NYSE","Basic Materials","Basic Materials/Agriculture","Common Stock",16.44000000,16.44000000
20160428,16.56000000,16.68000000,16.44000000,16.44000000,23,378,N/A,N/A,50648,36970,"NYSE","Basic Materials","Basic Materials/Agriculture","Common Stock",16.44000000,16.44000000
20160429,16.32000000,16.44000000,15.60000000,15.72000000,32,503,N/A,N/A,48430,36970,"NYSE","Basic Materials","Basic Materials/Agriculture","Common Stock",15.72000000,15.72000000
20160502,16.08000000,16.08000000,15.84000000,15.96000000,14,223,N/A,N/A,49170,36970,"NYSE","Basic Materials","Basic Materials/Agriculture","Common Stock",15.96000000,15.96000000
20160503,15.84000000,15.96000000,15.72000000,15.84000000,2,32,N/A,N/A,48800,36970,"NYSE","Basic Materials","Basic Materials/Agriculture","Common Stock",15.84000000,15.84000000
20160504,15.96000000,16.80000000,15.84000000,16.80000000,79,1327,N/A,N/A,51757,36970,"NYSE","Basic Materials","Basic Materials/Agriculture","Common Stock",16.80000000,16.80000000
20160505,16.68000000,16.68000000,15.72000000,15.96000000,88,1404,N/A,N/A,49170,36970,"NYSE","Basic Materials","Basic Materials/Agriculture","Common Stock",15.96000000,15.96000000
20160506,16.20000000,16.32000000,15.72000000,15.84000000,11,174,N/A,N/A,48800,36970,"NYSE","Basic Materials","Basic Materials/Agriculture","Common Stock",15.84000000,15.84000000
20160509,15.84000000,16.44000000,15.60000000,15.72000000,15,236,N/A,N/A,48442,36979,"NYSE","Basic Materials","Basic Materials/Agriculture","Common Stock",15.72000000,15.72000000
20160510,15.72000000,16.32000000,15.60000000,15.84000000,66,1045,N/A,N/A,48812,36979,"NYSE","Basic Materials","Basic Materials/Agriculture","Common Stock",15.84000000,15.84000000
20160511,15.72000000,16.32000000,15.60000000,16.20000000,93,1507,N/A,N/A,49921,36979,"NYSE","Basic Materials","Basic Materials/Agriculture","Common Stock",16.20000000,16.20000000
20160512,16.68000000,16.80000000,16.08000000,16.32000000,16,261,N/A,N/A,50291,36979,"NYSE","Basic Materials","Basic Materials/Agriculture","Common Stock",16.32000000,16.32000000
20160513,15.48000000,15.96000000,15.36000000,15.72000000,44,692,N/A,N/A,48442,36979,"NYSE","Basic Materials","Basic Materials/Agriculture","Common Stock",15.72000000,15.72000000
20160516,15.60000000,16.20000000,15.60000000,15.96000000,40,638,N/A,N/A,49182,36979,"NYSE","Basic Materials","Basic Materials/Agriculture","Common Stock",15.96000000,15.96000000
20160517,15.96000000,15.96000000,15.00000000,15.24000000,80,1219,N/A,N/A,46963,36979,"NYSE","Basic Materials","Basic Materials/Agriculture","Common Stock",15.24000000,15.24000000
20160518,15.12000000,15.48000000,15.00000000,15.12000000,35,529,N/A,N/A,46593,36979,"NYSE","Basic Materials","Basic Materials/Agriculture","Common Stock",15.12000000,15.12000000
20160519,15.60000000,15.60000000,14.76000000,14.76000000,31,458,N/A,N/A,45484,36979,"NYSE","Basic Materials","Basic Materials/Agriculture","Common Stock",14.76000000,14.76000000
20160520,14.64000000,15.84000000,14.64000000,15.84000000,35,554,N/A,N/A,48812,36979,"NYSE","Basic Materials","Basic Materials/Agriculture","Common Stock",15.84000000,15.84000000
20160523,15.96000000,15.96000000,15.24000000,15.84000000,60,950,N/A,N/A,48812,36979,"NYSE","Basic Materials","Basic Materials/Agriculture","Common Stock",15.84000000,15.84000000
20160524,15.48000000,15.96000000,15.48000000,15.84000000,100,1584,N/A,N/A,48812,36979,"NYSE","Basic Materials","Basic Materials/Agriculture","Common Stock",15.84000000,15.84000000
20160525,15.60000000,15.96000000,15.60000000,15.96000000,42,670,N/A,N/A,49182,36979,"NYSE","Basic Materials","Basic Materials/Agriculture","Common Stock",15.96000000,15.96000000
20160526,15.84000000,15.96000000,15.72000000,15.72000000,29,456,N/A,N/A,48442,36979,"NYSE","Basic Materials","Basic Materials/Agriculture","Common Stock",15.72000000,15.72000000
20160527,15.48000000,16.80000000,15.48000000,16.56000000,147,2434,N/A,N/A,51030,36979,"NYSE","Basic Materials","Basic Materials/Agriculture","Common Stock",16.56000000,16.56000000
20160530,15.48000000,16.80000000,15.48000000,16.56000000,0,0,N/A,N/A,0,0,"NYSE","Basic Materials","Basic Materials/Agriculture","Common Stock",1.38000000,16.56000000
20160531,16.20000000,16.80000000,15.96000000,16.80000000,115,1932,N/A,N/A,51770,36979,"NYSE","Basic Materials","Basic Materials/Agriculture","Common Stock",16.80000000,16.80000000
20160601,16.68000000,16.80000000,16.56000000,16.80000000,15,252,N/A,N/A,51770,36979,"NYSE","Basic Materials","Basic Materials/Agriculture","Common Stock",16.80000000,16.80000000
20160602,16.80000000,19.56000000,16.80000000,18.36000000,142,2607,N/A,N/A,56577,36979,"NYSE","Basic Materials","Basic Materials/Agriculture","Common Stock",18.36000000,18.36000000
20160603,18.12000000,18.72000000,17.76000000,18.36000000,26,477,N/A,N/A,56577,36979,"NYSE","Basic Materials","Basic Materials/Agriculture","Common Stock",18.36000000,18.36000000
20160606,18.84000000,18.96000000,18.00000000,18.00000000,15,270,N/A,N/A,55468,36979,"NYSE","Basic Materials","Basic Materials/Agriculture","Common Stock",18.00000000,18.00000000
20160607,17.88000000,18.84000000,17.64000000,18.72000000,44,824,N/A,N/A,57687,36979,"NYSE","Basic Materials","Basic Materials/Agriculture","Common Stock",18.72000000,18.72000000
20160608,18.36000000,18.84000000,18.24000000,18.48000000,11,203,N/A,N/A,56947,36979,"NYSE","Basic Materials","Basic Materials/Agriculture","Common Stock",18.48000000,18.48000000
20160609,18.24000000,18.72000000,18.00000000,18.12000000,27,489,N/A,N/A,55838,36979,"NYSE","Basic Materials","Basic Materials/Agriculture","Common Stock",18.12000000,18.12000000
20160610,18.00000000,18.48000000,18.00000000,18.12000000,22,399,N/A,N/A,55838,36979,"NYSE","Basic Materials","Basic Materials/Agriculture","Common Stock",18.12000000,18.12000000
20160613,18.00000000,18.72000000,17.88000000,18.00000000,22,396,N/A,N/A,55468,36979,"NYSE","Basic Materials","Basic Materials/Agriculture","Common Stock",18.00000000,18.00000000
20160614,18.12000000,18.36000000,17.76000000,18.24000000,20,365,N/A,N/A,56207,36979,"NYSE","Basic Materials","Basic Materials/Agriculture","Common Stock",18.24000000,18.24000000
20160615,18.24000000,18.24000000,17.64000000,17.64000000,25,441,N/A,N/A,54359,36979,"NYSE","Basic Materials","Basic Materials/Agriculture","Common Stock",17.64000000,17.64000000
20160616,17.64000000,18.36000000,17.28000000,17.64000000,29,512,N/A,N/A,54359,36979,"NYSE","Basic Materials","Basic Materials/Agriculture","Common Stock",17.64000000,17.64000000
20160617,18.24000000,18.24000000,17.04000000,17.40000000,23,400,N/A,N/A,53619,36979,"NYSE","Basic Materials","Basic Materials/Agriculture","Common Stock",17.40000000,17.40000000
20160620,17.40000000,17.76000000,17.16000000,17.16000000,12,206,N/A,N/A,52879,36979,"NYSE","Basic Materials","Basic Materials/Agriculture","Common Stock",17.16000000,17.16000000
20160621,17.28000000,17.28000000,16.56000000,16.92000000,39,660,N/A,N/A,52140,36979,"NYSE","Basic Materials","Basic Materials/Agriculture","Common Stock",16.92000000,16.92000000
20160622,17.04000000,17.04000000,16.44000000,16.68000000,33,550,N/A,N/A,51400,36979,"NYSE","Basic Materials","Basic Materials/Agriculture","Common Stock",16.68000000,16.68000000
20160623,16.68000000,17.16000000,16.68000000,16.92000000,23,389,N/A,N/A,52140,36979,"NYSE","Basic Materials","Basic Materials/Agriculture","Common Stock",16.92000000,16.92000000
20160624,16.92000000,17.04000000,15.72000000,15.72000000,90,1415,N/A,N/A,48442,36979,"NYSE","Basic Materials","Basic Materials/Agriculture","Common Stock",15.72000000,15.72000000
20160627,15.96000000,16.20000000,15.60000000,15.72000000,36,566,N/A,N/A,48442,36979,"NYSE","Basic Materials","Basic Materials/Agriculture","Common Stock",15.72000000,15.72000000
20160628,16.20000000,16.20000000,15.60000000,15.60000000,34,530,N/A,N/A,48072,36979,"NYSE","Basic Materials","Basic Materials/Agriculture","Common Stock",15.60000000,15.60000000
20160629,15.72000000,16.68000000,15.72000000,16.08000000,39,627,N/A,N/A,49551,36979,"NYSE","Basic Materials","Basic Materials/Agriculture","Common Stock",16.08000000,16.08000000
20160630,16.56000000,16.56000000,15.96000000,15.96000000,16,255,N/A,N/A,49182,36979,"NYSE","Basic Materials","Basic Materials/Agriculture","Common Stock",15.96000000,15.96000000
20160701,15.96000000,16.68000000,15.96000000,16.56000000,38,629,N/A,N/A,51030,36979,"NYSE","Basic Materials","Basic Materials/Agriculture","Common Stock",16.56000000,16.56000000
20160704,15.96000000,16.68000000,15.96000000,16.56000000,0,0,N/A,N/A,0,0,"NYSE","Basic Materials","Basic Materials/Agriculture","Common Stock",1.38000000,16.56000000
20160705,16.20000000,16.56000000,16.08000000,16.08000000,20,322,N/A,N/A,49551,36979,"NYSE","Basic Materials","Basic Materials/Agriculture","Common Stock",16.08000000,16.08000000
20160706,16.20000000,16.20000000,15.84000000,15.84000000,29,459,N/A,N/A,48812,36979,"NYSE","Basic Materials","Basic Materials/Agriculture","Common Stock",15.84000000,15.84000000
20160707,15.84000000,16.20000000,15.60000000,16.08000000,10,161,N/A,N/A,49551,36979,"NYSE","Basic Materials","Basic Materials/Agriculture","Common Stock",16.08000000,16.08000000
20160708,15.84000000,18.00000000,15.84000000,15.84000000,100,1584,N/A,N/A,48812,36979,"NYSE","Basic Materials","Basic Materials/Agriculture","Common Stock",15.84000000,15.84000000
20160711,16.20000000,16.92000000,16.08000000,16.32000000,22,359,N/A,N/A,50291,36979,"NYSE","Basic Materials","Basic Materials/Agriculture","Common Stock",16.32000000,16.32000000
20160712,16.20000000,16.32000000,15.60000000,15.72000000,131,2059,N/A,N/A,48442,36979,"NYSE","Basic Materials","Basic Materials/Agriculture","Common Stock",15.72000000,15.72000000
20160713,15.36000000,15.96000000,15.36000000,15.48000000,54,836,N/A,N/A,47702,36979,"NYSE","Basic Materials","Basic Materials/Agriculture","Common Stock",15.48000000,15.48000000
20160714,15.96000000,16.80000000,15.72000000,15.96000000,127,2027,N/A,N/A,49182,36979,"NYSE","Basic Materials","Basic Materials/Agriculture","Common Stock",15.96000000,15.96000000
20160715,15.72000000,16.68000000,15.72000000,15.72000000,114,1792,N/A,N/A,48442,36979,"NYSE","Basic Materials","Basic Materials/Agriculture","Common Stock",15.72000000,15.72000000
20160718,15.84000000,16.68000000,15.48000000,16.08000000,116,1865,N/A,N/A,49551,36979,"NYSE","Basic Materials","Basic Materials/Agriculture","Common Stock",16.08000000,16.08000000
20160719,15.96000000,16.92000000,15.96000000,16.56000000,173,2865,N/A,N/A,51030,36979,"NYSE","Basic Materials","Basic Materials/Agriculture","Common Stock",16.56000000,16.56000000
20160720,16.44000000,17.76000000,16.44000000,17.64000000,244,4304,N/A,N/A,54359,36979,"NYSE","Basic Materials","Basic Materials/Agriculture","Common Stock",17.64000000,17.64000000
20160721,17.64000000,18.00000000,16.92000000,17.04000000,58,988,N/A,N/A,52510,36979,"NYSE","Basic Materials","Basic Materials/Agriculture","Common Stock",17.04000000,17.04000000
20160722,17.28000000,17.40000000,17.04000000,17.28000000,44,760,N/A,N/A,53249,36979,"NYSE","Basic Materials","Basic Materials/Agriculture","Common Stock",17.28000000,17.28000000
20160725,17.52000000,17.52000000,16.44000000,16.68000000,222,3703,N/A,N/A,51400,36979,"NYSE","Basic Materials","Basic Materials/Agriculture","Common Stock",16.68000000,16.68000000
20160726,17.16000000,17.16000000,16.68000000,17.16000000,71,1218,N/A,N/A,52879,36979,"NYSE","Basic Materials","Basic Materials/Agriculture","Common Stock",17.16000000,17.16000000
20160727,16.80000000,17.16000000,16.68000000,16.92000000,66,1117,N/A,N/A,52140,36979,"NYSE","Basic Materials","Basic Materials/Agriculture","Common Stock",16.92000000,16.92000000
20160728,17.04000000,17.52000000,16.68000000,16.68000000,35,584,N/A,N/A,51400,36979,"NYSE","Basic Materials","Basic Materials/Agriculture","Common Stock",16.68000000,16.68000000
20160729,17.28000000,17.28000000,16.68000000,16.68000000,36,600,N/A,N/A,51400,36979,"NYSE","Basic Materials","Basic Materials/Agriculture","Common Stock",16.68000000,16.68000000
20160801,16.80000000,17.04000000,16.56000000,16.92000000,64,1083,N/A,N/A,52140,36979,"NYSE","Basic Materials","Basic Materials/Agriculture","Common Stock",16.92000000,16.92000000
20160802,16.68000000,16.80000000,15.84000000,16.08000000,69,1110,N/A,N/A,49551,36979,"NYSE","Basic Materials","Basic Materials/Agriculture","Common Stock",16.08000000,16.08000000
20160803,16.08000000,17.04000000,16.08000000,17.04000000,37,630,N/A,N/A,52510,36979,"NYSE","Basic Materials","Basic Materials/Agriculture","Common Stock",17.04000000,17.04000000
20160804,17.04000000,17.16000000,16.32000000,16.56000000,42,696,N/A,N/A,51030,36979,"NYSE","Basic Materials","Basic Materials/Agriculture","Common Stock",16.56000000,16.56000000
20160805,17.04000000,17.16000000,16.44000000,16.44000000,49,806,N/A,N/A,50661,36979,"NYSE","Basic Materials","Basic Materials/Agriculture","Common Stock",16.44000000,16.44000000
20160808,16.56000000,17.40000000,16.44000000,17.04000000,59,1005,N/A,N/A,52510,36979,"NYSE","Basic Materials","Basic Materials/Agriculture","Common Stock",17.04000000,17.04000000
20160809,16.80000000,17.28000000,16.56000000,16.92000000,46,778,N/A,N/A,52140,36979,"NYSE","Basic Materials","Basic Materials/Agriculture","Common Stock",16.92000000,16.92000000
20160810,16.92000000,17.88000000,16.68000000,17.04000000,167,2846,N/A,N/A,52510,36979,"NYSE","Basic Materials","Basic Materials/Agriculture","Common Stock",17.04000000,17.04000000
20160811,17.04000000,17.64000000,16.80000000,17.16000000,101,1733,N/A,N/A,52879,36979,"NYSE","Basic Materials","Basic Materials/Agriculture","Common Stock",17.16000000,17.16000000
20160812,16.92000000,17.52000000,16.92000000,17.16000000,38,652,N/A,N/A,52879,36979,"NYSE","Basic Materials","Basic Materials/Agriculture","Common Stock",17.16000000,17.16000000
20160815,17.16000000,17.40000000,16.92000000,17.16000000,44,755,N/A,N/A,52879,36979,"NYSE","Basic Materials","Basic Materials/Agriculture","Common Stock",17.16000000,17.16000000
20160816,17.04000000,17.40000000,16.80000000,16.80000000,60,1008,N/A,N/A,51770,36979,"NYSE","Basic Materials","Basic Materials/Agriculture","Common Stock",16.80000000,16.80000000
20160817,16.80000000,16.80000000,16.56000000,16.56000000,36,596,N/A,N/A,51030,36979,"NYSE","Basic Materials","Basic Materials/Agriculture","Common Stock",16.56000000,16.56000000
20160818,16.56000000,17.16000000,16.56000000,16.80000000,39,655,N/A,N/A,51770,36979,"NYSE","Basic Materials","Basic Materials/Agriculture","Common Stock",16.80000000,16.80000000
20160819,16.56000000,17.04000000,16.56000000,16.92000000,56,948,N/A,N/A,52140,36979,"NYSE","Basic Materials","Basic Materials/Agriculture","Common Stock",16.92000000,16.92000000
20160822,17.04000000,17.04000000,16.08000000,16.20000000,147,2381,N/A,N/A,49921,36979,"NYSE","Basic Materials","Basic Materials/Agriculture","Common Stock",16.20000000,16.20000000
20160823,16.44000000,18.12000000,16.32000000,17.64000000,556,9808,N/A,N/A,54359,36979,"NYSE","Basic Materials","Basic Materials/Agriculture","Common Stock",17.64000000,17.64000000
20160824,17.88000000,17.88000000,15.96000000,16.20000000,234,3791,N/A,N/A,49921,36979,"NYSE","Basic Materials","Basic Materials/Agriculture","Common Stock",16.20000000,16.20000000
20160825,16.32000000,17.16000000,16.32000000,16.80000000,27,454,N/A,N/A,51770,36979,"NYSE","Basic Materials","Basic Materials/Agriculture","Common Stock",16.80000000,16.80000000
20160826,16.56000000,17.76000000,16.32000000,16.44000000,86,1414,N/A,N/A,50661,36979,"NYSE","Basic Materials","Basic Materials/Agriculture","Common Stock",16.44000000,16.44000000
20160829,16.56000000,17.04000000,16.56000000,17.04000000,33,562,N/A,N/A,52510,36979,"NYSE","Basic Materials","Basic Materials/Agriculture","Common Stock",17.04000000,17.04000000
20160830,16.56000000,18.48000000,16.56000000,17.28000000,297,5132,N/A,N/A,53249,36979,"NYSE","Basic Materials","Basic Materials/Agriculture","Common Stock",17.28000000,17.28000000
20160831,17.64000000,17.88000000,17.40000000,17.64000000,70,1235,N/A,N/A,54359,36979,"NYSE","Basic Materials","Basic Materials/Agriculture","Common Stock",17.64000000,17.64000000
20160901,17.28000000,17.88000000,16.68000000,17.40000000,118,2053,N/A,N/A,53619,36979,"NYSE","Basic Materials","Basic Materials/Agriculture","Common Stock",17.40000000,17.40000000
20160902,17.52000000,17.52000000,16.80000000,17.04000000,173,2948,N/A,N/A,52510,36979,"NYSE","Basic Materials","Basic Materials/Agriculture","Common Stock",17.04000000,17.04000000
20160905,17.52000000,17.52000000,16.80000000,17.04000000,0,0,N/A,N/A,0,0,"NYSE","Basic Materials","Basic Materials/Agriculture","Common Stock",1.42000000,17.04000000
20160906,17.04000000,17.52000000,16.92000000,17.04000000,92,1568,N/A,N/A,52510,36979,"NYSE","Basic Materials","Basic Materials/Agriculture","Common Stock",17.04000000,17.04000000
20160907,17.16000000,17.64000000,17.16000000,17.40000000,139,2419,N/A,N/A,53619,36979,"NYSE","Basic Materials","Basic Materials/Agriculture","Common Stock",17.40000000,17.40000000
20160908,17.64000000,18.00000000,17.28000000,17.40000000,210,3654,N/A,N/A,53619,36979,"NYSE","Basic Materials","Basic Materials/Agriculture","Common Stock",17.40000000,17.40000000
20160909,17.52000000,17.76000000,17.28000000,17.28000000,74,1279,N/A,N/A,53249,36979,"NYSE","Basic Materials","Basic Materials/Agriculture","Common Stock",17.28000000,17.28000000
20160912,17.28000000,17.52000000,17.04000000,17.40000000,56,974,N/A,N/A,53619,36979,"NYSE","Basic Materials","Basic Materials/Agriculture","Common Stock",17.40000000,17.40000000
20160913,17.28000000,17.52000000,17.04000000,17.04000000,33,562,N/A,N/A,52510,36979,"NYSE","Basic Materials","Basic Materials/Agriculture","Common Stock",17.04000000,17.04000000
20160914,17.28000000,17.40000000,16.80000000,16.80000000,45,756,N/A,N/A,51770,36979,"NYSE","Basic Materials","Basic Materials/Agriculture","Common Stock",16.80000000,16.80000000
20160915,16.92000000,17.16000000,16.68000000,16.92000000,59,998,N/A,N/A,52140,36979,"NYSE","Basic Materials","Basic Materials/Agriculture","Common Stock",16.92000000,16.92000000
20160916,17.16000000,17.16000000,16.68000000,17.04000000,27,460,N/A,N/A,52510,36979,"NYSE","Basic Materials","Basic Materials/Agriculture","Common Stock",17.04000000,17.04000000
20160919,17.28000000,17.88000000,17.16000000,17.88000000,78,1395,N/A,N/A,55098,36979,"NYSE","Basic Materials","Basic Materials/Agriculture","Common Stock",17.88000000,17.88000000
20160920,18.00000000,18.00000000,17.28000000,17.28000000,119,2056,N/A,N/A,53249,36979,"NYSE","Basic Materials","Basic Materials/Agriculture","Common Stock",17.28000000,17.28000000
20160921,17.52000000,18.00000000,16.92000000,17.52000000,72,1261,N/A,N/A,53989,36979,"NYSE","Basic Materials","Basic Materials/Agriculture","Common Stock",17.52000000,17.52000000
20160922,17.64000000,17.76000000,17.04000000,17.40000000,23,400,N/A,N/A,53619,36979,"NYSE","Basic Materials","Basic Materials/Agriculture","Common Stock",17.40000000,17.40000000
20160923,17.28000000,17.52000000,17.16000000,17.40000000,67,1166,N/A,N/A,53619,36979,"NYSE","Basic Materials","Basic Materials/Agriculture","Common Stock",17.40000000,17.40000000
20160926,17.40000000,17.52000000,17.16000000,17.16000000,30,515,N/A,N/A,52879,36979,"NYSE","Basic Materials","Basic Materials/Agriculture","Common Stock",17.16000000,17.16000000
20160927,17.16000000,17.52000000,16.92000000,16.92000000,57,964,N/A,N/A,52140,36979,"NYSE","Basic Materials","Basic Materials/Agriculture","Common Stock",16.92000000,16.92000000
20160928,17.16000000,17.52000000,16.92000000,17.28000000,115,1987,N/A,N/A,53249,36979,"NYSE","Basic Materials","Basic Materials/Agriculture","Common Stock",17.28000000,17.28000000
20160929,17.40000000,17.40000000,17.04000000,17.16000000,24,412,N/A,N/A,52879,36979,"NYSE","Basic Materials","Basic Materials/Agriculture","Common Stock",17.16000000,17.16000000
20160930,16.92000000,17.88000000,16.92000000,17.52000000,79,1384,N/A,N/A,53989,36979,"NYSE","Basic Materials","Basic Materials/Agriculture","Common Stock",17.52000000,17.52000000
20161003,20.16000000,20.16000000,16.92000000,17.04000000,381,6492,N/A,N/A,52510,36979,"NYSE","Basic Materials","Basic Materials/Agriculture","Common Stock",17.04000000,17.04000000
20161004,17.04000000,17.76000000,17.04000000,17.28000000,240,4147,N/A,N/A,53249,36979,"NYSE","Basic Materials","Basic Materials/Agriculture","Common Stock",17.28000000,17.28000000
20161005,18.00000000,18.00000000,17.28000000,17.28000000,117,2022,N/A,N/A,53249,36979,"NYSE","Basic Materials","Basic Materials/Agriculture","Common Stock",17.28000000,17.28000000
20161006,17.40000000,17.52000000,17.16000000,17.52000000,39,683,N/A,N/A,53989,36979,"NYSE","Basic Materials","Basic Materials/Agriculture","Common Stock",17.52000000,17.52000000
20161007,17.16000000,17.64000000,17.16000000,17.40000000,49,853,N/A,N/A,53619,36979,"NYSE","Basic Materials","Basic Materials/Agriculture","Common Stock",17.40000000,17.40000000
20161010,17.40000000,17.76000000,17.40000000,17.52000000,10,175,N/A,N/A,53989,36979,"NYSE","Basic Materials","Basic Materials/Agriculture","Common Stock",17.52000000,17.52000000
20161011,17.40000000,17.76000000,17.28000000,17.52000000,22,385,N/A,N/A,53989,36979,"NYSE","Basic Materials","Basic Materials/Agriculture","Common Stock",17.52000000,17.52000000
20161012,17.64000000,17.64000000,17.28000000,17.40000000,36,626,N/A,N/A,53619,36979,"NYSE","Basic Materials","Basic Materials/Agriculture","Common Stock",17.40000000,17.40000000
20161013,17.16000000,17.16000000,16.20000000,16.56000000,112,1855,N/A,N/A,51030,36979,"NYSE","Basic Materials","Basic Materials/Agriculture","Common Stock",16.56000000,16.56000000
20161014,16.44000000,16.80000000,16.32000000,16.44000000,47,773,N/A,N/A,50661,36979,"NYSE","Basic Materials","Basic Materials/Agriculture","Common Stock",16.44000000,16.44000000
20161017,16.44000000,16.68000000,16.32000000,16.44000000,28,460,N/A,N/A,50661,36979,"NYSE","Basic Materials","Basic Materials/Agriculture","Common Stock",16.44000000,16.44000000
20161018,16.92000000,16.92000000,16.56000000,16.56000000,11,182,N/A,N/A,51030,36979,"NYSE","Basic Materials","Basic Materials/Agriculture","Common Stock",16.56000000,16.56000000
20161019,16.68000000,16.68000000,16.44000000,16.44000000,20,329,N/A,N/A,50661,36979,"NYSE","Basic Materials","Basic Materials/Agriculture","Common Stock",16.44000000,16.44000000
20161020,16.68000000,16.68000000,16.44000000,16.44000000,22,362,N/A,N/A,50661,36979,"NYSE","Basic Materials","Basic Materials/Agriculture","Common Stock",16.44000000,16.44000000
20161021,16.44000000,16.56000000,16.08000000,16.20000000,51,826,N/A,N/A,49921,36979,"NYSE","Basic Materials","Basic Materials/Agriculture","Common Stock",16.20000000,16.20000000
20161024,16.20000000,16.32000000,16.08000000,16.20000000,22,356,N/A,N/A,49921,36979,"NYSE","Basic Materials","Basic Materials/Agriculture","Common Stock",16.20000000,16.20000000
20161025,16.20000000,16.56000000,16.20000000,16.56000000,63,1043,N/A,N/A,51030,36979,"NYSE","Basic Materials","Basic Materials/Agriculture","Common Stock",16.56000000,16.56000000
20161026,16.44000000,16.56000000,16.20000000,16.20000000,27,437,N/A,N/A,49921,36979,"NYSE","Basic Materials","Basic Materials/Agriculture","Common Stock",16.20000000,16.20000000
20161027,16.20000000,16.32000000,15.84000000,15.96000000,43,686,N/A,N/A,49182,36979,"NYSE","Basic Materials","Basic Materials/Agriculture","Common Stock",15.96000000,15.96000000
20161028,15.96000000,16.44000000,15.96000000,16.20000000,33,535,N/A,N/A,49921,36979,"NYSE","Basic Materials","Basic Materials/Agriculture","Common Stock",16.20000000,16.20000000
20161031,16.08000000,16.08000000,15.60000000,15.72000000,48,755,N/A,N/A,48442,36979,"NYSE","Basic Materials","Basic Materials/Agriculture","Common Stock",15.72000000,15.72000000
20161101,15.84000000,15.96000000,15.72000000,15.72000000,19,299,N/A,N/A,48442,36979,"NYSE","Basic Materials","Basic Materials/Agriculture","Common Stock",15.72000000,15.72000000
20161102,15.96000000,15.96000000,15.60000000,15.60000000,34,530,N/A,N/A,48072,36979,"NYSE","Basic Materials","Basic Materials/Agriculture","Common Stock",15.60000000,15.60000000
20161103,15.60000000,15.72000000,15.48000000,15.48000000,32,495,N/A,N/A,47702,36979,"NYSE","Basic Materials","Basic Materials/Agriculture","Common Stock",15.48000000,15.48000000
20161104,15.48000000,15.60000000,15.48000000,15.60000000,14,218,N/A,N/A,48072,36979,"NYSE","Basic Materials","Basic Materials/Agriculture","Common Stock",15.60000000,15.60000000
20161107,15.60000000,15.96000000,15.48000000,15.60000000,58,905,N/A,N/A,48072,36979,"NYSE","Basic Materials","Basic Materials/Agriculture","Common Stock",15.60000000,15.60000000
20161108,15.48000000,15.60000000,15.36000000,15.36000000,65,998,N/A,N/A,47333,36979,"NYSE","Basic Materials","Basic Materials/Agriculture","Common Stock",15.36000000,15.36000000
20161109,14.16000000,15.84000000,14.16000000,15.72000000,90,1415,N/A,N/A,48442,36979,"NYSE","Basic Materials","Basic Materials/Agriculture","Common Stock",15.72000000,15.72000000
20161110,15.48000000,16.92000000,15.48000000,16.80000000,109,1831,N/A,N/A,51770,36979,"NYSE","Basic Materials","Basic Materials/Agriculture","Common Stock",16.80000000,16.80000000
20161111,17.40000000,17.52000000,16.20000000,16.80000000,107,1798,N/A,N/A,51770,36979,"NYSE","Basic Materials","Basic Materials/Agriculture","Common Stock",16.80000000,16.80000000
20161114,16.56000000,16.56000000,16.08000000,16.56000000,33,546,N/A,N/A,51955,37649,"NYSE","Basic Materials","Basic Materials/Agriculture","Common Stock",16.56000000,16.56000000
20161115,16.20000000,16.80000000,16.08000000,16.80000000,52,874,N/A,N/A,52708,37649,"NYSE","Basic Materials","Basic Materials/Agriculture","Common Stock",16.80000000,16.80000000
20161116,16.44000000,16.56000000,16.20000000,16.44000000,41,674,N/A,N/A,51579,37649,"NYSE","Basic Materials","Basic Materials/Agriculture","Common Stock",16.44000000,16.44000000
20161117,16.32000000,16.56000000,15.60000000,15.84000000,81,1283,N/A,N/A,49696,37649,"NYSE","Basic Materials","Basic Materials/Agriculture","Common Stock",15.84000000,15.84000000
20161118,16.08000000,16.08000000,14.40000000,14.52000000,274,3978,N/A,N/A,45555,37649,"NYSE","Basic Materials","Basic Materials/Agriculture","Common Stock",14.52000000,14.52000000
20161121,14.76000000,15.84000000,14.76000000,15.24000000,140,2134,N/A,N/A,47814,37649,"NYSE","Basic Materials","Basic Materials/Agriculture","Common Stock",15.24000000,15.24000000
20161122,15.12000000,15.48000000,15.12000000,15.24000000,27,411,N/A,N/A,47814,37649,"NYSE","Basic Materials","Basic Materials/Agriculture","Common Stock",15.24000000,15.24000000
20161123,15.12000000,15.36000000,15.00000000,15.24000000,61,930,N/A,N/A,47814,37649,"NYSE","Basic Materials","Basic Materials/Agriculture","Common Stock",15.24000000,15.24000000
20161124,15.12000000,15.36000000,15.00000000,15.24000000,0,0,N/A,N/A,0,0,"NYSE","Basic Materials","Basic Materials/Agriculture","Common Stock",1.27000000,15.24000000
20161125,15.36000000,15.48000000,14.76000000,15.24000000,57,869,N/A,N/A,47814,37649,"NYSE","Basic Materials","Basic Materials/Agriculture","Common Stock",15.24000000,15.24000000
20161128,15.12000000,15.48000000,15.00000000,15.12000000,37,559,N/A,N/A,47437,37649,"NYSE","Basic Materials","Basic Materials/Agriculture","Common Stock",15.12000000,15.12000000
20161129,14.88000000,15.24000000,14.88000000,14.88000000,79,1176,N/A,N/A,46684,37649,"NYSE","Basic Materials","Basic Materials/Agriculture","Common Stock",14.88000000,14.88000000
20161130,15.00000000,15.24000000,14.88000000,15.00000000,48,720,N/A,N/A,47061,37649,"NYSE","Basic Materials","Basic Materials/Agriculture","Common Stock",15.00000000,15.00000000
20161201,15.00000000,15.24000000,15.00000000,15.24000000,36,549,N/A,N/A,47814,37649,"NYSE","Basic Materials","Basic Materials/Agriculture","Common Stock",15.24000000,15.24000000
20161202,15.00000000,15.24000000,14.88000000,14.88000000,31,461,N/A,N/A,46684,37649,"NYSE","Basic Materials","Basic Materials/Agriculture","Common Stock",14.88000000,14.88000000
20161205,15.24000000,15.24000000,14.64000000,14.64000000,62,908,N/A,N/A,45931,37649,"NYSE","Basic Materials","Basic Materials/Agriculture","Common Stock",14.64000000,14.64000000
20161206,14.76000000,15.12000000,14.76000000,15.12000000,50,756,N/A,N/A,47437,37649,"NYSE","Basic Materials","Basic Materials/Agriculture","Common Stock",15.12000000,15.12000000
20161207,15.12000000,15.36000000,15.00000000,15.36000000,51,783,N/A,N/A,48190,37649,"NYSE","Basic Materials","Basic Materials/Agriculture","Common Stock",15.36000000,15.36000000
20161208,15.36000000,15.36000000,14.88000000,15.12000000,43,650,N/A,N/A,47437,37649,"NYSE","Basic Materials","Basic Materials/Agriculture","Common Stock",15.12000000,15.12000000
20161209,15.12000000,15.24000000,14.76000000,15.00000000,73,1095,N/A,N/A,47061,37649,"NYSE","Basic Materials","Basic Materials/Agriculture","Common Stock",15.00000000,15.00000000
20161212,14.88000000,15.12000000,14.76000000,15.00000000,41,615,N/A,N/A,47061,37649,"NYSE","Basic Materials","Basic Materials/Agriculture","Common Stock",15.00000000,15.00000000
20161213,15.00000000,15.24000000,14.76000000,15.12000000,40,605,N/A,N/A,47437,37649,"NYSE","Basic Materials","Basic Materials/Agriculture","Common Stock",15.12000000,15.12000000
20161214,15.12000000,15.12000000,15.00000000,15.12000000,30,454,N/A,N/A,47437,37649,"NYSE","Basic Materials","Basic Materials/Agriculture","Common Stock",15.12000000,15.12000000
20161215,15.00000000,15.12000000,14.76000000,15.00000000,39,585,N/A,N/A,47061,37649,"NYSE","Basic Materials","Basic Materials/Agriculture","Common Stock",15.00000000,15.00000000
20161216,15.00000000,15.00000000,14.76000000,15.00000000,19,285,N/A,N/A,47061,37649,"NYSE","Basic Materials","Basic Materials/Agriculture","Common Stock",15.00000000,15.00000000
20161219,15.00000000,15.00000000,14.64000000,14.76000000,28,413,N/A,N/A,46308,37649,"NYSE","Basic Materials","Basic Materials/Agriculture","Common Stock",14.76000000,14.76000000
20161220,14.40000000,15.00000000,14.40000000,14.76000000,64,945,N/A,N/A,46308,37649,"NYSE","Basic Materials","Basic Materials/Agriculture","Common Stock",14.76000000,14.76000000
20161221,14.76000000,14.88000000,14.52000000,14.76000000,68,1004,N/A,N/A,46308,37649,"NYSE","Basic Materials","Basic Materials/Agriculture","Common Stock",14.76000000,14.76000000
20161222,14.88000000,14.88000000,14.52000000,14.52000000,48,697,N/A,N/A,45555,37649,"NYSE","Basic Materials","Basic Materials/Agriculture","Common Stock",14.52000000,14.52000000
20161223,14.52000000,14.64000000,14.52000000,14.64000000,76,1113,N/A,N/A,45931,37649,"NYSE","Basic Materials","Basic Materials/Agriculture","Common Stock",14.64000000,14.64000000
20161226,14.52000000,14.64000000,14.52000000,14.64000000,0,0,N/A,N/A,0,0,"NYSE","Basic Materials","Basic Materials/Agriculture","Common Stock",1.22000000,14.64000000
20161227,14.40000000,15.12000000,14.40000000,14.88000000,65,967,N/A,N/A,46684,37649,"NYSE","Basic Materials","Basic Materials/Agriculture","Common Stock",14.88000000,14.88000000
20161228,14.52000000,15.00000000,14.52000000,14.64000000,43,630,N/A,N/A,45931,37649,"NYSE","Basic Materials","Basic Materials/Agriculture","Common Stock",14.64000000,14.64000000
20161229,14.52000000,14.64000000,14.52000000,14.52000000,77,1118,N/A,N/A,45555,37649,"NYSE","Basic Materials","Basic Materials/Agriculture","Common Stock",14.52000000,14.52000000
20161230,14.52000000,14.64000000,14.40000000,14.40000000,111,1598,N/A,N/A,45178,37649,"NYSE","Basic Materials","Basic Materials/Agriculture","Common Stock",14.40000000,14.40000000
20170102,14.52000000,14.64000000,14.40000000,14.40000000,0,0,N/A,N/A,0,0,"NYSE","Basic Materials","Basic Materials/Agriculture","Common Stock",1.20000000,14.40000000
20170103,14.52000000,15.00000000,14.52000000,14.76000000,41,605,N/A,N/A,46308,37649,"NYSE","Basic Materials","Basic Materials/Agriculture","Common Stock",14.76000000,14.76000000
20170104,15.00000000,16.08000000,14.88000000,15.72000000,126,1981,N/A,N/A,49320,37649,"NYSE","Basic Materials","Basic Materials/Agriculture","Common Stock",15.72000000,15.72000000
20170105,15.72000000,15.96000000,15.36000000,15.36000000,64,983,N/A,N/A,48190,37649,"NYSE","Basic Materials","Basic Materials/Agriculture","Common Stock",15.36000000,15.36000000
20170106,15.24000000,15.36000000,15.12000000,15.12000000,21,318,N/A,N/A,47437,37649,"NYSE","Basic Materials","Basic Materials/Agriculture","Common Stock",15.12000000,15.12000000
20170109,15.24000000,15.24000000,14.64000000,14.64000000,26,381,N/A,N/A,45931,37649,"NYSE","Basic Materials","Basic Materials/Agriculture","Common Stock",14.64000000,14.64000000
20170110,14.76000000,15.00000000,14.76000000,15.00000000,14,210,N/A,N/A,47061,37649,"NYSE","Basic Materials","Basic Materials/Agriculture","Common Stock",15.00000000,15.00000000
20170111,15.12000000,15.24000000,15.12000000,15.12000000,8,121,N/A,N/A,47437,37649,"NYSE","Basic Materials","Basic Materials/Agriculture","Common Stock",15.12000000,15.12000000
20170112,15.24000000,15.24000000,14.64000000,14.64000000,19,278,N/A,N/A,45931,37649,"NYSE","Basic Materials","Basic Materials/Agriculture","Common Stock",14.64000000,14.64000000
20170113,14.76000000,15.12000000,14.64000000,14.64000000,34,498,N/A,N/A,45931,37649,"NYSE","Basic Materials","Basic Materials/Agriculture","Common Stock",14.64000000,14.64000000
20170116,14.76000000,15.12000000,14.64000000,14.64000000,0,0,N/A,N/A,0,0,"NYSE","Basic Materials","Basic Materials/Agriculture","Common Stock",1.22000000,14.64000000
20170117,14.88000000,15.00000000,14.76000000,15.00000000,33,495,N/A,N/A,47061,37649,"NYSE","Basic Materials","Basic Materials/Agriculture","Common Stock",15.00000000,15.00000000
20170118,15.00000000,15.60000000,14.88000000,15.12000000,88,1331,N/A,N/A,47437,37649,"NYSE","Basic Materials","Basic Materials/Agriculture","Common Stock",15.12000000,15.12000000
20170119,15.24000000,15.24000000,14.88000000,15.12000000,33,499,N/A,N/A,47437,37649,"NYSE","Basic Materials","Basic Materials/Agriculture","Common Stock",15.12000000,15.12000000
20170120,15.24000000,15.36000000,14.88000000,15.12000000,14,212,N/A,N/A,47437,37649,"NYSE","Basic Materials","Basic Materials/Agriculture","Common Stock",15.12000000,15.12000000
20170123,14.88000000,15.36000000,14.88000000,15.12000000,21,318,N/A,N/A,47437,37649,"NYSE","Basic Materials","Basic Materials/Agriculture","Common Stock",15.12000000,15.12000000
20170124,14.88000000,15.24000000,14.76000000,15.12000000,42,635,N/A,N/A,47437,37649,"NYSE","Basic Materials","Basic Materials/Agriculture","Common Stock",15.12000000,15.12000000
20170125,15.36000000,16.08000000,15.36000000,15.84000000,107,1695,N/A,N/A,49696,37649,"NYSE","Basic Materials","Basic Materials/Agriculture","Common Stock",15.84000000,15.84000000
20170126,15.72000000,15.84000000,15.60000000,15.60000000,32,499,N/A,N/A,48943,37649,"NYSE","Basic Materials","Basic Materials/Agriculture","Common Stock",15.60000000,15.60000000
20170127,15.60000000,15.84000000,15.48000000,15.48000000,27,418,N/A,N/A,48567,37649,"NYSE","Basic Materials","Basic Materials/Agriculture","Common Stock",15.48000000,15.48000000
20170130,15.36000000,15.84000000,15.12000000,15.72000000,43,676,N/A,N/A,49320,37649,"NYSE","Basic Materials","Basic Materials/Agriculture","Common Stock",15.72000000,15.72000000
20170131,15.72000000,15.72000000,15.00000000,15.12000000,50,756,N/A,N/A,47437,37649,"NYSE","Basic Materials","Basic Materials/Agriculture","Common Stock",15.12000000,15.12000000
20170201,15.00000000,15.48000000,15.00000000,15.48000000,26,402,N/A,N/A,48567,37649,"NYSE","Basic Materials","Basic Materials/Agriculture","Common Stock",15.48000000,15.48000000
20170202,15.24000000,15.48000000,15.00000000,15.36000000,42,645,N/A,N/A,48190,37649,"NYSE","Basic Materials","Basic Materials/Agriculture","Common Stock",15.36000000,15.36000000
20170203,15.60000000,15.60000000,15.36000000,15.60000000,31,484,N/A,N/A,48943,37649,"NYSE","Basic Materials","Basic Materials/Agriculture","Common Stock",15.60000000,15.60000000
20170206,15.48000000,15.60000000,15.48000000,15.60000000,29,452,N/A,N/A,48943,37649,"NYSE","Basic Materials","Basic Materials/Agriculture","Common Stock",15.60000000,15.60000000
20170207,15.24000000,16.68000000,15.00000000,15.84000000,147,2328,N/A,N/A,50866,38535,"NYSE","Basic Materials","Basic Materials/Agriculture","Common Stock",15.84000000,15.84000000
20170208,16.08000000,16.56000000,15.96000000,16.44000000,76,1249,N/A,N/A,52793,38535,"NYSE","Basic Materials","Basic Materials/Agriculture","Common Stock",16.44000000,16.44000000
20170209,16.56000000,16.68000000,16.08000000,16.08000000,50,804,N/A,N/A,51637,38535,"NYSE","Basic Materials","Basic Materials/Agriculture","Common Stock",16.08000000,16.08000000
20170210,15.96000000,16.56000000,15.96000000,16.44000000,34,559,N/A,N/A,52793,38535,"NYSE","Basic Materials","Basic Materials/Agriculture","Common Stock",16.44000000,16.44000000
20170213,16.44000000,17.64000000,16.44000000,16.56000000,117,1938,N/A,N/A,53179,38535,"NYSE","Basic Materials","Basic Materials/Agriculture","Common Stock",16.56000000,16.56000000
20170214,17.52000000,17.64000000,16.32000000,16.92000000,189,3198,N/A,N/A,54335,38535,"NYSE","Basic Materials","Basic Materials/Agriculture","Common Stock",16.92000000,16.92000000
20170215,16.80000000,17.40000000,16.80000000,17.16000000,88,1510,N/A,N/A,55105,38535,"NYSE","Basic Materials","Basic Materials/Agriculture","Common Stock",17.16000000,17.16000000
20170216,17.28000000,17.28000000,16.68000000,17.04000000,44,750,N/A,N/A,54720,38535,"NYSE","Basic Materials","Basic Materials/Agriculture","Common Stock",17.04000000,17.04000000
20170217,16.80000000,17.16000000,16.56000000,16.92000000,91,1540,N/A,N/A,54335,38535,"NYSE","Basic Materials","Basic Materials/Agriculture","Common Stock",16.92000000,16.92000000
20170220,16.80000000,17.16000000,16.56000000,16.92000000,0,0,N/A,N/A,0,0,"NYSE","Basic Materials","Basic Materials/Agriculture","Common Stock",1.41000000,16.92000000
20170221,17.16000000,17.28000000,16.68000000,17.04000000,119,2028,N/A,N/A,54720,38535,"NYSE","Basic Materials","Basic Materials/Agriculture","Common Stock",17.04000000,17.04000000
20170222,17.28000000,17.28000000,16.68000000,16.92000000,63,1066,N/A,N/A,54335,38535,"NYSE","Basic Materials","Basic Materials/Agriculture","Common Stock",16.92000000,16.92000000
20170223,16.68000000,16.92000000,16.44000000,16.68000000,104,1735,N/A,N/A,53564,38535,"NYSE","Basic Materials","Basic Materials/Agriculture","Common Stock",16.68000000,16.68000000
20170224,16.80000000,16.80000000,16.32000000,16.68000000,73,1218,N/A,N/A,53564,38535,"NYSE","Basic Materials","Basic Materials/Agriculture","Common Stock",16.68000000,16.68000000
20170227,16.68000000,16.80000000,16.32000000,16.56000000,27,447,N/A,N/A,53179,38535,"NYSE","Basic Materials","Basic Materials/Agriculture","Common Stock",16.56000000,16.56000000
20170228,16.44000000,16.56000000,16.20000000,16.20000000,71,1150,N/A,N/A,52022,38535,"NYSE","Basic Materials","Basic Materials/Agriculture","Common Stock",16.20000000,16.20000000
20170301,16.44000000,16.44000000,16.08000000,16.32000000,41,669,N/A,N/A,52408,38535,"NYSE","Basic Materials","Basic Materials/Agriculture","Common Stock",16.32000000,16.32000000
20170302,16.20000000,16.56000000,15.96000000,16.08000000,55,884,N/A,N/A,51637,38535,"NYSE","Basic Materials","Basic Materials/Agriculture","Common Stock",16.08000000,16.08000000
20170303,15.96000000,16.32000000,15.48000000,15.48000000,58,898,N/A,N/A,49710,38535,"NYSE","Basic Materials","Basic Materials/Agriculture","Common Stock",15.48000000,15.48000000
20170306,15.72000000,16.08000000,15.48000000,15.72000000,51,802,N/A,N/A,50481,38535,"NYSE","Basic Materials","Basic Materials/Agriculture","Common Stock",15.72000000,15.72000000
20170307,15.72000000,15.84000000,15.24000000,15.36000000,43,660,N/A,N/A,49325,38535,"NYSE","Basic Materials","Basic Materials/Agriculture","Common Stock",15.36000000,15.36000000
20170308,15.72000000,15.72000000,15.24000000,15.48000000,43,666,N/A,N/A,49710,38535,"NYSE","Basic Materials","Basic Materials/Agriculture","Common Stock",15.48000000,15.48000000
20170309,15.60000000,15.60000000,15.24000000,15.36000000,23,353,N/A,N/A,49325,38535,"NYSE","Basic Materials","Basic Materials/Agriculture","Common Stock",15.36000000,15.36000000
20170310,15.24000000,15.36000000,15.12000000,15.36000000,45,691,N/A,N/A,49325,38535,"NYSE","Basic Materials","Basic Materials/Agriculture","Common Stock",15.36000000,15.36000000
20170313,15.36000000,15.72000000,15.24000000,15.36000000,45,691,N/A,N/A,49325,38535,"NYSE","Basic Materials","Basic Materials/Agriculture","Common Stock",15.36000000,15.36000000
20170314,15.48000000,15.48000000,15.24000000,15.24000000,11,168,N/A,N/A,48940,38535,"NYSE","Basic Materials","Basic Materials/Agriculture","Common Stock",15.24000000,15.24000000
20170315,15.24000000,15.48000000,15.00000000,15.12000000,41,620,N/A,N/A,48554,38535,"NYSE","Basic Materials","Basic Materials/Agriculture","Common Stock",15.12000000,15.12000000
20170316,15.12000000,15.36000000,15.12000000,15.12000000,20,302,N/A,N/A,48554,38535,"NYSE","Basic Materials","Basic Materials/Agriculture","Common Stock",15.12000000,15.12000000
20170317,15.12000000,15.36000000,15.00000000,15.12000000,32,484,N/A,N/A,48554,38535,"NYSE","Basic Materials","Basic Materials/Agriculture","Common Stock",15.12000000,15.12000000
20170320,15.36000000,15.48000000,15.00000000,15.36000000,13,200,N/A,N/A,49325,38535,"NYSE","Basic Materials","Basic Materials/Agriculture","Common Stock",15.36000000,15.36000000
20170321,15.48000000,15.48000000,14.76000000,15.00000000,54,810,N/A,N/A,48169,38535,"NYSE","Basic Materials","Basic Materials/Agriculture","Common Stock",15.00000000,15.00000000
20170322,15.00000000,15.12000000,14.88000000,14.88000000,29,432,N/A,N/A,47784,38535,"NYSE","Basic Materials","Basic Materials/Agriculture","Common Stock",14.88000000,14.88000000
20170323,14.88000000,15.36000000,14.88000000,15.12000000,33,499,N/A,N/A,48554,38535,"NYSE","Basic Materials","Basic Materials/Agriculture","Common Stock",15.12000000,15.12000000
20170324,15.12000000,15.48000000,14.76000000,15.48000000,85,1316,N/A,N/A,49710,38535,"NYSE","Basic Materials","Basic Materials/Agriculture","Common Stock",15.48000000,15.48000000
20170327,15.36000000,15.36000000,15.12000000,15.36000000,30,461,N/A,N/A,49325,38535,"NYSE","Basic Materials","Basic Materials/Agriculture","Common Stock",15.36000000,15.36000000
20170328,15.36000000,15.48000000,15.24000000,15.48000000,11,170,N/A,N/A,49710,38535,"NYSE","Basic Materials","Basic Materials/Agriculture","Common Stock",15.48000000,15.48000000
20170329,15.36000000,15.48000000,15.24000000,15.48000000,40,619,N/A,N/A,49710,38535,"NYSE","Basic Materials","Basic Materials/Agriculture","Common Stock",15.48000000,15.48000000
20170330,15.48000000,15.48000000,15.24000000,15.48000000,56,867,N/A,N/A,49710,38535,"NYSE","Basic Materials","Basic Materials/Agriculture","Common Stock",15.48000000,15.48000000
20170331,15.36000000,15.60000000,15.36000000,15.60000000,26,406,N/A,N/A,50096,38535,"NYSE","Basic Materials","Basic Materials/Agriculture","Common Stock",15.60000000,15.60000000
20170403,15.60000000,15.60000000,15.24000000,15.36000000,15,230,N/A,N/A,49325,38535,"NYSE","Basic Materials","Basic Materials/Agriculture","Common Stock",15.36000000,15.36000000
20170404,15.36000000,15.48000000,15.00000000,15.24000000,34,518,N/A,N/A,48940,38535,"NYSE","Basic Materials","Basic Materials/Agriculture","Common Stock",15.24000000,15.24000000
20170405,15.00000000,15.36000000,15.00000000,15.24000000,22,335,N/A,N/A,48940,38535,"NYSE","Basic Materials","Basic Materials/Agriculture","Common Stock",15.24000000,15.24000000
20170406,15.12000000,15.36000000,14.88000000,15.12000000,49,741,N/A,N/A,48554,38535,"NYSE","Basic Materials","Basic Materials/Agriculture","Common Stock",15.12000000,15.12000000
20170407,15.00000000,15.84000000,14.76000000,15.84000000,133,2107,N/A,N/A,50866,38535,"NYSE","Basic Materials","Basic Materials/Agriculture","Common Stock",15.84000000,15.84000000
20170410,15.96000000,16.08000000,15.00000000,15.48000000,27,418,N/A,N/A,49710,38535,"NYSE","Basic Materials","Basic Materials/Agriculture","Common Stock",15.48000000,15.48000000
20170411,15.48000000,15.48000000,15.00000000,15.12000000,30,454,N/A,N/A,48554,38535,"NYSE","Basic Materials","Basic Materials/Agriculture","Common Stock",15.12000000,15.12000000
20170412,15.00000000,15.24000000,15.00000000,15.12000000,59,892,N/A,N/A,48554,38535,"NYSE","Basic Materials","Basic Materials/Agriculture","Common Stock",15.12000000,15.12000000
20170413,15.36000000,15.48000000,15.24000000,15.24000000,19,290,N/A,N/A,48940,38535,"NYSE","Basic Materials","Basic Materials/Agriculture","Common Stock",15.24000000,15.24000000
20170414,15.36000000,15.48000000,15.24000000,15.24000000,0,0,N/A,N/A,0,0,"NYSE","Basic Materials","Basic Materials/Agriculture","Common Stock",1.27000000,15.24000000
20170417,15.24000000,15.24000000,15.00000000,15.12000000,23,348,N/A,N/A,48554,38535,"NYSE","Basic Materials","Basic Materials/Agriculture","Common Stock",15.12000000,15.12000000
20170418,15.00000000,15.60000000,14.88000000,15.60000000,40,624,N/A,N/A,50096,38535,"NYSE","Basic Materials","Basic Materials/Agriculture","Common Stock",15.60000000,15.60000000
20170419,15.36000000,15.48000000,15.12000000,15.36000000,11,169,N/A,N/A,49325,38535,"NYSE","Basic Materials","Basic Materials/Agriculture","Common Stock",15.36000000,15.36000000
20170420,15.24000000,15.36000000,15.00000000,15.36000000,40,614,N/A,N/A,49325,38535,"NYSE","Basic Materials","Basic Materials/Agriculture","Common Stock",15.36000000,15.36000000
20170421,15.00000000,15.48000000,15.00000000,15.12000000,19,287,N/A,N/A,48554,38535,"NYSE","Basic Materials","Basic Materials/Agriculture","Common Stock",15.12000000,15.12000000
20170424,15.12000000,15.48000000,15.12000000,15.36000000,26,399,N/A,N/A,49325,38535,"NYSE","Basic Materials","Basic Materials/Agriculture","Common Stock",15.36000000,15.36000000
20170425,15.48000000,15.48000000,15.12000000,15.36000000,16,246,N/A,N/A,49325,38535,"NYSE","Basic Materials","Basic Materials/Agriculture","Common Stock",15.36000000,15.36000000
20170426,15.36000000,15.60000000,15.12000000,15.36000000,59,906,N/A,N/A,49325,38535,"NYSE","Basic Materials","Basic Materials/Agriculture","Common Stock",15.36000000,15.36000000
20170427,15.48000000,15.48000000,15.36000000,15.48000000,7,108,N/A,N/A,49710,38535,"NYSE","Basic Materials","Basic Materials/Agriculture","Common Stock",15.48000000,15.48000000
20170428,15.12000000,15.60000000,15.00000000,15.12000000,56,847,N/A,N/A,48554,38535,"NYSE","Basic Materials","Basic Materials/Agriculture","Common Stock",15.12000000,15.12000000
20170501,15.12000000,15.24000000,15.00000000,15.00000000,26,390,N/A,N/A,48169,38535,"NYSE","Basic Materials","Basic Materials/Agriculture","Common Stock",15.00000000,15.00000000
20170502,15.00000000,15.12000000,14.88000000,14.88000000,22,327,N/A,N/A,47784,38535,"NYSE","Basic Materials","Basic Materials/Agriculture","Common Stock",14.88000000,14.88000000
20170503,14.88000000,15.00000000,14.76000000,14.88000000,62,923,N/A,N/A,47784,38535,"NYSE","Basic Materials","Basic Materials/Agriculture","Common Stock",14.88000000,14.88000000
20170504,14.76000000,15.12000000,14.76000000,14.76000000,42,620,N/A,N/A,47398,38535,"NYSE","Basic Materials","Basic Materials/Agriculture","Common Stock",14.76000000,14.76000000
20170505,15.12000000,15.12000000,14.88000000,15.00000000,18,270,N/A,N/A,48169,38535,"NYSE","Basic Materials","Basic Materials/Agriculture","Common Stock",15.00000000,15.00000000
20170508,14.88000000,15.12000000,14.64000000,14.76000000,95,1402,N/A,N/A,47418,38551,"NYSE","Basic Materials","Basic Materials/Agriculture","Common Stock",14.76000000,14.76000000
20170509,15.00000000,15.12000000,14.76000000,14.76000000,16,236,N/A,N/A,47418,38551,"NYSE","Basic Materials","Basic Materials/Agriculture","Common Stock",14.76000000,14.76000000
20170510,14.64000000,15.00000000,14.64000000,14.88000000,23,342,N/A,N/A,47804,38551,"NYSE","Basic Materials","Basic Materials/Agriculture","Common Stock",14.88000000,14.88000000
20170511,14.88000000,15.00000000,14.76000000,14.76000000,41,605,N/A,N/A,47418,38551,"NYSE","Basic Materials","Basic Materials/Agriculture","Common Stock",14.76000000,14.76000000
20170512,14.88000000,15.00000000,14.52000000,14.64000000,49,717,N/A,N/A,47033,38551,"NYSE","Basic Materials","Basic Materials/Agriculture","Common Stock",14.64000000,14.64000000
20170515,14.64000000,16.32000000,14.64000000,15.48000000,288,4458,N/A,N/A,49731,38551,"NYSE","Basic Materials","Basic Materials/Agriculture","Common Stock",15.48000000,15.48000000
20170516,15.48000000,15.48000000,15.00000000,15.36000000,89,1367,N/A,N/A,49346,38551,"NYSE","Basic Materials","Basic Materials/Agriculture","Common Stock",15.36000000,15.36000000
20170517,15.36000000,15.60000000,14.76000000,14.76000000,114,1683,N/A,N/A,47418,38551,"NYSE","Basic Materials","Basic Materials/Agriculture","Common Stock",14.76000000,14.76000000
20170518,15.00000000,15.12000000,14.76000000,14.76000000,32,472,N/A,N/A,47418,38551,"NYSE","Basic Materials","Basic Materials/Agriculture","Common Stock",14.76000000,14.76000000
20170519,15.12000000,15.12000000,14.76000000,15.12000000,38,575,N/A,N/A,48575,38551,"NYSE","Basic Materials","Basic Materials/Agriculture","Common Stock",15.12000000,15.12000000
20170522,14.88000000,15.24000000,14.64000000,15.24000000,123,1875,N/A,N/A,48960,38551,"NYSE","Basic Materials","Basic Materials/Agriculture","Common Stock",15.24000000,15.24000000
20170523,14.88000000,15.24000000,14.28000000,14.88000000,271,4032,N/A,N/A,47804,38551,"NYSE","Basic Materials","Basic Materials/Agriculture","Common Stock",14.88000000,14.88000000
20170524,14.76000000,15.00000000,14.52000000,14.88000000,42,625,N/A,N/A,47804,38551,"NYSE","Basic Materials","Basic Materials/Agriculture","Common Stock",14.88000000,14.88000000
20170525,14.88000000,15.00000000,14.76000000,15.00000000,73,1095,N/A,N/A,48189,38551,"NYSE","Basic Materials","Basic Materials/Agriculture","Common Stock",15.00000000,15.00000000
20170526,14.64000000,14.88000000,14.64000000,14.76000000,24,354,N/A,N/A,47418,38551,"NYSE","Basic Materials","Basic Materials/Agriculture","Common Stock",14.76000000,14.76000000
20170529,14.64000000,14.88000000,14.64000000,14.76000000,0,0,N/A,N/A,0,0,"NYSE","Basic Materials","Basic Materials/Agriculture","Common Stock",1.23000000,14.76000000
20170530,14.76000000,15.12000000,14.76000000,15.00000000,13,195,N/A,N/A,48189,38551,"NYSE","Basic Materials","Basic Materials/Agriculture","Common Stock",15.00000000,15.00000000
20170531,14.88000000,15.12000000,14.76000000,15.00000000,30,450,N/A,N/A,48189,38551,"NYSE","Basic Materials","Basic Materials/Agriculture","Common Stock",15.00000000,15.00000000
20170601,15.00000000,15.36000000,14.64000000,15.24000000,55,838,N/A,N/A,48960,38551,"NYSE","Basic Materials","Basic Materials/Agriculture","Common Stock",15.24000000,15.24000000
20170602,15.24000000,15.48000000,15.12000000,15.24000000,151,2301,N/A,N/A,48960,38551,"NYSE","Basic Materials","Basic Materials/Agriculture","Common Stock",15.24000000,15.24000000
20170605,15.48000000,15.48000000,15.24000000,15.48000000,15,232,N/A,N/A,49731,38551,"NYSE","Basic Materials","Basic Materials/Agriculture","Common Stock",15.48000000,15.48000000
20170606,15.36000000,15.48000000,15.12000000,15.24000000,56,853,N/A,N/A,48960,38551,"NYSE","Basic Materials","Basic Materials/Agriculture","Common Stock",15.24000000,15.24000000
20170607,15.24000000,15.48000000,15.24000000,15.36000000,51,783,N/A,N/A,49346,38551,"NYSE","Basic Materials","Basic Materials/Agriculture","Common Stock",15.36000000,15.36000000
20170608,15.00000000,15.48000000,14.88000000,15.24000000,76,1158,N/A,N/A,48960,38551,"NYSE","Basic Materials","Basic Materials/Agriculture","Common Stock",15.24000000,15.24000000
20170609,15.12000000,15.48000000,15.12000000,15.36000000,30,461,N/A,N/A,49346,38551,"NYSE","Basic Materials","Basic Materials/Agriculture","Common Stock",15.36000000,15.36000000
20170612,15.36000000,15.48000000,15.36000000,15.48000000,33,511,N/A,N/A,49731,38551,"NYSE","Basic Materials","Basic Materials/Agriculture","Common Stock",15.48000000,15.48000000
20170613,15.12000000,16.44000000,15.12000000,15.96000000,328,5235,N/A,N/A,51273,38551,"NYSE","Basic Materials","Basic Materials/Agriculture","Common Stock",15.96000000,15.96000000
20170614,15.84000000,16.08000000,15.72000000,15.84000000,65,1030,N/A,N/A,50888,38551,"NYSE","Basic Materials","Basic Materials/Agriculture","Common Stock",15.84000000,15.84000000
20170615,16.20000000,16.20000000,15.60000000,15.84000000,56,887,N/A,N/A,50888,38551,"NYSE","Basic Materials","Basic Materials/Agriculture","Common Stock",15.84000000,15.84000000
20170616,15.60000000,15.84000000,15.48000000,15.48000000,67,1037,N/A,N/A,49731,38551,"NYSE","Basic Materials","Basic Materials/Agriculture","Common Stock",15.48000000,15.48000000
20170619,15.60000000,15.72000000,15.60000000,15.60000000,14,218,N/A,N/A,50117,38551,"NYSE","Basic Materials","Basic Materials/Agriculture","Common Stock",15.60000000,15.60000000
20170620,15.84000000,15.84000000,15.24000000,15.60000000,60,936,N/A,N/A,50117,38551,"NYSE","Basic Materials","Basic Materials/Agriculture","Common Stock",15.60000000,15.60000000
20170621,15.60000000,15.60000000,15.24000000,15.24000000,73,1113,N/A,N/A,48960,38551,"NYSE","Basic Materials","Basic Materials/Agriculture","Common Stock",15.24000000,15.24000000
20170622,15.36000000,15.48000000,15.00000000,15.48000000,21,325,N/A,N/A,49731,38551,"NYSE","Basic Materials","Basic Materials/Agriculture","Common Stock",15.48000000,15.48000000
20170623,15.48000000,15.60000000,15.24000000,15.60000000,21,328,N/A,N/A,50117,38551,"NYSE","Basic Materials","Basic Materials/Agriculture","Common Stock",15.60000000,15.60000000
20170626,15.60000000,15.60000000,15.36000000,15.60000000,79,1232,N/A,N/A,50117,38551,"NYSE","Basic Materials","Basic Materials/Agriculture","Common Stock",15.60000000,15.60000000
20170627,15.60000000,15.60000000,15.24000000,15.36000000,46,707,N/A,N/A,49346,38551,"NYSE","Basic Materials","Basic Materials/Agriculture","Common Stock",15.36000000,15.36000000
20170628,15.48000000,15.84000000,15.24000000,15.48000000,62,960,N/A,N/A,49731,38551,"NYSE","Basic Materials","Basic Materials/Agriculture","Common Stock",15.48000000,15.48000000
20170629,15.60000000,15.60000000,15.00000000,15.24000000,53,808,N/A,N/A,48960,38551,"NYSE","Basic Materials","Basic Materials/Agriculture","Common Stock",15.24000000,15.24000000
20170630,15.48000000,15.48000000,15.12000000,15.36000000,20,307,N/A,N/A,49346,38551,"NYSE","Basic Materials","Basic Materials/Agriculture","Common Stock",15.36000000,15.36000000
20170703,15.12000000,15.36000000,15.12000000,15.36000000,14,215,N/A,N/A,49346,38551,"NYSE","Basic Materials","Basic Materials/Agriculture","Common Stock",15.36000000,15.36000000
20170704,15.12000000,15.36000000,15.12000000,15.36000000,0,0,N/A,N/A,0,0,"NYSE","Basic Materials","Basic Materials/Agriculture","Common Stock",1.28000000,15.36000000
20170705,15.36000000,15.48000000,15.00000000,15.48000000,39,604,N/A,N/A,49731,38551,"NYSE","Basic Materials","Basic Materials/Agriculture","Common Stock",15.48000000,15.48000000
20170706,15.24000000,15.24000000,14.88000000,15.00000000,81,1215,N/A,N/A,48189,38551,"NYSE","Basic Materials","Basic Materials/Agriculture","Common Stock",15.00000000,15.00000000
20170707,15.24000000,15.36000000,14.88000000,15.24000000,68,1036,N/A,N/A,48960,38551,"NYSE","Basic Materials","Basic Materials/Agriculture","Common Stock",15.24000000,15.24000000
20170710,15.24000000,15.36000000,15.00000000,15.12000000,29,438,N/A,N/A,48575,38551,"NYSE","Basic Materials","Basic Materials/Agriculture","Common Stock",15.12000000,15.12000000
20170711,15.12000000,15.36000000,15.00000000,15.00000000,19,285,N/A,N/A,48189,38551,"NYSE","Basic Materials","Basic Materials/Agriculture","Common Stock",15.00000000,15.00000000
20170712,15.00000000,15.36000000,15.00000000,15.00000000,19,285,N/A,N/A,48189,38551,"NYSE","Basic Materials","Basic Materials/Agriculture","Common Stock",15.00000000,15.00000000
20170713,14.88000000,15.24000000,14.88000000,15.00000000,16,240,N/A,N/A,48189,38551,"NYSE","Basic Materials","Basic Materials/Agriculture","Common Stock",15.00000000,15.00000000
20170714,15.00000000,15.24000000,15.00000000,15.00000000,7,105,N/A,N/A,48189,38551,"NYSE","Basic Materials","Basic Materials/Agriculture","Common Stock",15.00000000,15.00000000
20170717,15.36000000,15.36000000,15.24000000,15.24000000,21,320,N/A,N/A,48960,38551,"NYSE","Basic Materials","Basic Materials/Agriculture","Common Stock",15.24000000,15.24000000
20170718,15.24000000,15.36000000,15.12000000,15.12000000,15,227,N/A,N/A,48575,38551,"NYSE","Basic Materials","Basic Materials/Agriculture","Common Stock",15.12000000,15.12000000
20170719,15.12000000,15.48000000,15.12000000,15.36000000,27,415,N/A,N/A,49346,38551,"NYSE","Basic Materials","Basic Materials/Agriculture","Common Stock",15.36000000,15.36000000
20170720,15.48000000,15.48000000,15.24000000,15.24000000,47,716,N/A,N/A,48960,38551,"NYSE","Basic Materials","Basic Materials/Agriculture","Common Stock",15.24000000,15.24000000
20170721,15.24000000,15.36000000,15.00000000,15.00000000,29,435,N/A,N/A,48189,38551,"NYSE","Basic Materials","Basic Materials/Agriculture","Common Stock",15.00000000,15.00000000
20170724,15.12000000,15.24000000,14.88000000,15.00000000,61,915,N/A,N/A,48189,38551,"NYSE","Basic Materials","Basic Materials/Agriculture","Common Stock",15.00000000,15.00000000
20170725,15.00000000,15.24000000,14.88000000,14.88000000,48,714,N/A,N/A,47804,38551,"NYSE","Basic Materials","Basic Materials/Agriculture","Common Stock",14.88000000,14.88000000
20170726,15.00000000,15.00000000,14.88000000,14.88000000,18,268,N/A,N/A,47804,38551,"NYSE","Basic Materials","Basic Materials/Agriculture","Common Stock",14.88000000,14.88000000
20170727,14.88000000,15.00000000,14.88000000,14.88000000,16,238,N/A,N/A,47804,38551,"NYSE","Basic Materials","Basic Materials/Agriculture","Common Stock",14.88000000,14.88000000
20170728,14.88000000,15.00000000,14.76000000,14.76000000,23,339,N/A,N/A,47418,38551,"NYSE","Basic Materials","Basic Materials/Agriculture","Common Stock",14.76000000,14.76000000
20170731,14.76000000,15.00000000,14.76000000,14.88000000,20,298,N/A,N/A,47804,38551,"NYSE","Basic Materials","Basic Materials/Agriculture","Common Stock",14.88000000,14.88000000
20170801,14.76000000,15.00000000,14.76000000,15.00000000,37,555,N/A,N/A,48189,38551,"NYSE","Basic Materials","Basic Materials/Agriculture","Common Stock",15.00000000,15.00000000
20170802,14.76000000,15.24000000,14.76000000,15.12000000,20,302,N/A,N/A,48575,38551,"NYSE","Basic Materials","Basic Materials/Agriculture","Common Stock",15.12000000,15.12000000
20170803,15.00000000,15.00000000,14.76000000,14.76000000,31,458,N/A,N/A,47418,38551,"NYSE","Basic Materials","Basic Materials/Agriculture","Common Stock",14.76000000,14.76000000
20170804,14.76000000,14.88000000,14.76000000,14.76000000,29,428,N/A,N/A,47418,38551,"NYSE","Basic Materials","Basic Materials/Agriculture","Common Stock",14.76000000,14.76000000
20170807,14.88000000,15.24000000,14.76000000,15.24000000,23,351,N/A,N/A,48960,38551,"NYSE","Basic Materials","Basic Materials/Agriculture","Common Stock",15.24000000,15.24000000
20170808,15.00000000,15.24000000,14.76000000,14.76000000,38,561,N/A,N/A,47418,38551,"NYSE","Basic Materials","Basic Materials/Agriculture","Common Stock",14.76000000,14.76000000
20170809,14.76000000,15.48000000,14.76000000,15.24000000,92,1402,N/A,N/A,48960,38551,"NYSE","Basic Materials","Basic Materials/Agriculture","Common Stock",15.24000000,15.24000000
20170810,15.12000000,15.24000000,14.76000000,15.12000000,13,197,N/A,N/A,48575,38551,"NYSE","Basic Materials","Basic Materials/Agriculture","Common Stock",15.12000000,15.12000000
20170811,15.12000000,15.12000000,14.88000000,14.88000000,8,119,N/A,N/A,47804,38551,"NYSE","Basic Materials","Basic Materials/Agriculture","Common Stock",14.88000000,14.88000000
20170814,14.64000000,15.00000000,14.64000000,15.00000000,38,570,N/A,N/A,48189,38551,"NYSE","Basic Materials","Basic Materials/Agriculture","Common Stock",15.00000000,15.00000000
20170815,14.88000000,15.00000000,14.88000000,14.88000000,13,193,N/A,N/A,47804,38551,"NYSE","Basic Materials","Basic Materials/Agriculture","Common Stock",14.88000000,14.88000000
20170816,14.88000000,14.88000000,14.64000000,14.76000000,29,428,N/A,N/A,47418,38551,"NYSE","Basic Materials","Basic Materials/Agriculture","Common Stock",14.76000000,14.76000000
20170817,14.64000000,14.88000000,14.64000000,14.64000000,35,512,N/A,N/A,47033,38551,"NYSE","Basic Materials","Basic Materials/Agriculture","Common Stock",14.64000000,14.64000000
20170818,14.64000000,15.00000000,14.64000000,15.00000000,20,300,N/A,N/A,48189,38551,"NYSE","Basic Materials","Basic Materials/Agriculture","Common Stock",15.00000000,15.00000000
20170821,15.00000000,15.12000000,14.76000000,15.00000000,26,390,N/A,N/A,48189,38551,"NYSE","Basic Materials","Basic Materials/Agriculture","Common Stock",15.00000000,15.00000000
20170822,15.24000000,15.24000000,14.88000000,14.88000000,11,164,N/A,N/A,47804,38551,"NYSE","Basic Materials","Basic Materials/Agriculture","Common Stock",14.88000000,14.88000000
20170823,15.00000000,15.24000000,14.52000000,14.76000000,157,2317,N/A,N/A,47418,38551,"NYSE","Basic Materials","Basic Materials/Agriculture","Common Stock",14.76000000,14.76000000
20170824,14.64000000,14.88000000,14.64000000,14.76000000,18,266,N/A,N/A,47418,38551,"NYSE","Basic Materials","Basic Materials/Agriculture","Common Stock",14.76000000,14.76000000
20170825,14.64000000,14.88000000,14.64000000,14.64000000,10,146,N/A,N/A,47033,38551,"NYSE","Basic Materials","Basic Materials/Agriculture","Common Stock",14.64000000,14.64000000
20170828,14.76000000,14.88000000,14.76000000,14.76000000,22,325,N/A,N/A,47418,38551,"NYSE","Basic Materials","Basic Materials/Agriculture","Common Stock",14.76000000,14.76000000
20170829,14.76000000,14.88000000,14.64000000,14.88000000,10,149,N/A,N/A,47804,38551,"NYSE","Basic Materials","Basic Materials/Agriculture","Common Stock",14.88000000,14.88000000
20170830,15.00000000,15.00000000,14.64000000,14.76000000,15,221,N/A,N/A,47418,38551,"NYSE","Basic Materials","Basic Materials/Agriculture","Common Stock",14.76000000,14.76000000
20170831,14.88000000,14.88000000,14.52000000,14.52000000,40,581,N/A,N/A,46647,38551,"NYSE","Basic Materials","Basic Materials/Agriculture","Common Stock",14.52000000,14.52000000
20170901,14.52000000,14.88000000,14.52000000,14.88000000,8,119,N/A,N/A,47804,38551,"NYSE","Basic Materials","Basic Materials/Agriculture","Common Stock",14.88000000,14.88000000
20170904,14.52000000,14.88000000,14.52000000,14.88000000,0,0,N/A,N/A,0,0,"NYSE","Basic Materials","Basic Materials/Agriculture","Common Stock",1.24000000,14.88000000
20170905,14.88000000,15.00000000,14.64000000,14.76000000,13,192,N/A,N/A,47418,38551,"NYSE","Basic Materials","Basic Materials/Agriculture","Common Stock",14.76000000,14.76000000
20170906,14.76000000,15.00000000,14.76000000,14.88000000,14,208,N/A,N/A,47804,38551,"NYSE","Basic Materials","Basic Materials/Agriculture","Common Stock",14.88000000,14.88000000
20170907,15.00000000,15.00000000,14.76000000,14.76000000,10,148,N/A,N/A,47418,38551,"NYSE","Basic Materials","Basic Materials/Agriculture","Common Stock",14.76000000,14.76000000
20170908,14.64000000,14.88000000,14.64000000,14.76000000,32,472,N/A,N/A,47418,38551,"NYSE","Basic Materials","Basic Materials/Agriculture","Common Stock",14.76000000,14.76000000
20170911,14.76000000,15.00000000,14.76000000,15.00000000,13,195,N/A,N/A,48189,38551,"NYSE","Basic Materials","Basic Materials/Agriculture","Common Stock",15.00000000,15.00000000
20170912,15.00000000,15.24000000,14.88000000,15.24000000,18,274,N/A,N/A,48960,38551,"NYSE","Basic Materials","Basic Materials/Agriculture","Common Stock",15.24000000,15.24000000
20170913,14.88000000,14.88000000,14.76000000,14.88000000,45,670,N/A,N/A,47804,38551,"NYSE","Basic Materials","Basic Materials/Agriculture","Common Stock",14.88000000,14.88000000
20170914,14.76000000,15.00000000,14.40000000,14.88000000,68,1012,N/A,N/A,47804,38551,"NYSE","Basic Materials","Basic Materials/Agriculture","Common Stock",14.88000000,14.88000000
20170915,14.76000000,15.24000000,14.76000000,14.88000000,50,744,N/A,N/A,47804,38551,"NYSE","Basic Materials","Basic Materials/Agriculture","Common Stock",14.88000000,14.88000000
20170918,15.12000000,15.12000000,15.00000000,15.00000000,34,510,N/A,N/A,48189,38551,"NYSE","Basic Materials","Basic Materials/Agriculture","Common Stock",15.00000000,15.00000000
20170919,15.00000000,15.12000000,14.88000000,14.88000000,34,506,N/A,N/A,47804,38551,"NYSE","Basic Materials","Basic Materials/Agriculture","Common Stock",14.88000000,14.88000000
20170920,15.00000000,15.12000000,14.76000000,14.76000000,23,339,N/A,N/A,47418,38551,"NYSE","Basic Materials","Basic Materials/Agriculture","Common Stock",14.76000000,14.76000000
20170921,14.76000000,15.12000000,14.76000000,15.00000000,17,255,N/A,N/A,48189,38551,"NYSE","Basic Materials","Basic Materials/Agriculture","Common Stock",15.00000000,15.00000000
20170922,14.88000000,15.12000000,14.76000000,14.88000000,16,238,N/A,N/A,47804,38551,"NYSE","Basic Materials","Basic Materials/Agriculture","Common Stock",14.88000000,14.88000000
20170925,14.88000000,14.88000000,14.76000000,14.76000000,57,841,N/A,N/A,47418,38551,"NYSE","Basic Materials","Basic Materials/Agriculture","Common Stock",14.76000000,14.76000000
20170926,14.76000000,15.12000000,14.76000000,14.76000000,68,1004,N/A,N/A,47418,38551,"NYSE","Basic Materials","Basic Materials/Agriculture","Common Stock",14.76000000,14.76000000
20170927,14.88000000,15.12000000,14.64000000,14.64000000,101,1479,N/A,N/A,47033,38551,"NYSE","Basic Materials","Basic Materials/Agriculture","Common Stock",14.64000000,14.64000000
20170928,14.64000000,15.00000000,14.64000000,14.88000000,50,744,N/A,N/A,47804,38551,"NYSE","Basic Materials","Basic Materials/Agriculture","Common Stock",14.88000000,14.88000000
20170929,14.76000000,14.88000000,14.76000000,14.76000000,23,339,N/A,N/A,47418,38551,"NYSE","Basic Materials","Basic Materials/Agriculture","Common Stock",14.76000000,14.76000000
20171002,14.76000000,15.00000000,14.64000000,14.64000000,41,600,N/A,N/A,47033,38551,"NYSE","Basic Materials","Basic Materials/Agriculture","Common Stock",14.64000000,14.64000000
20171003,14.88000000,14.88000000,14.64000000,14.88000000,15,223,N/A,N/A,47804,38551,"NYSE","Basic Materials","Basic Materials/Agriculture","Common Stock",14.88000000,14.88000000
20171004,14.52000000,15.00000000,14.52000000,14.88000000,16,238,N/A,N/A,47804,38551,"NYSE","Basic Materials","Basic Materials/Agriculture","Common Stock",14.88000000,14.88000000
20171005,14.64000000,15.00000000,14.64000000,14.88000000,54,804,N/A,N/A,47804,38551,"NYSE","Basic Materials","Basic Materials/Agriculture","Common Stock",14.88000000,14.88000000
20171006,14.64000000,15.12000000,14.64000000,15.12000000,69,1043,N/A,N/A,48575,38551,"NYSE","Basic Materials","Basic Materials/Agriculture","Common Stock",15.12000000,15.12000000
20171009,15.00000000,16.32000000,15.00000000,16.20000000,443,7177,N/A,N/A,52044,38551,"NYSE","Basic Materials","Basic Materials/Agriculture","Common Stock",16.20000000,16.20000000
20171010,16.20000000,16.20000000,15.72000000,15.72000000,37,582,N/A,N/A,50502,38551,"NYSE","Basic Materials","Basic Materials/Agriculture","Common Stock",15.72000000,15.72000000
20171011,15.72000000,16.08000000,15.60000000,15.72000000,28,440,N/A,N/A,50502,38551,"NYSE","Basic Materials","Basic Materials/Agriculture","Common Stock",15.72000000,15.72000000
20171012,15.60000000,15.72000000,15.24000000,15.36000000,17,261,N/A,N/A,49346,38551,"NYSE","Basic Materials","Basic Materials/Agriculture","Common Stock",15.36000000,15.36000000
20171013,15.24000000,15.60000000,15.24000000,15.60000000,13,203,N/A,N/A,50117,38551,"NYSE","Basic Materials","Basic Materials/Agriculture","Common Stock",15.60000000,15.60000000
20171016,15.60000000,15.96000000,15.36000000,15.60000000,46,718,N/A,N/A,50117,38551,"NYSE","Basic Materials","Basic Materials/Agriculture","Common Stock",15.60000000,15.60000000
20171017,15.36000000,15.72000000,15.24000000,15.24000000,25,381,N/A,N/A,48960,38551,"NYSE","Basic Materials","Basic Materials/Agriculture","Common Stock",15.24000000,15.24000000
20171018,15.48000000,15.60000000,15.12000000,15.36000000,55,845,N/A,N/A,49346,38551,"NYSE","Basic Materials","Basic Materials/Agriculture","Common Stock",15.36000000,15.36000000
20171019,15.12000000,15.24000000,14.76000000,14.88000000,123,1830,N/A,N/A,47804,38551,"NYSE","Basic Materials","Basic Materials/Agriculture","Common Stock",14.88000000,14.88000000
20171020,15.12000000,15.36000000,15.00000000,15.36000000,49,753,N/A,N/A,49346,38551,"NYSE","Basic Materials","Basic Materials/Agriculture","Common Stock",15.36000000,15.36000000
20171023,15.12000000,15.48000000,15.12000000,15.24000000,20,305,N/A,N/A,48960,38551,"NYSE","Basic Materials","Basic Materials/Agriculture","Common Stock",15.24000000,15.24000000
20171024,15.24000000,15.24000000,15.00000000,15.24000000,20,305,N/A,N/A,48960,38551,"NYSE","Basic Materials","Basic Materials/Agriculture","Common Stock",15.24000000,15.24000000
20171025,15.60000000,15.72000000,15.00000000,15.00000000,55,825,N/A,N/A,48189,38551,"NYSE","Basic Materials","Basic Materials/Agriculture","Common Stock",15.00000000,15.00000000
20171026,14.88000000,15.00000000,14.88000000,14.88000000,23,342,N/A,N/A,47804,38551,"NYSE","Basic Materials","Basic Materials/Agriculture","Common Stock",14.88000000,14.88000000
20171027,14.88000000,15.00000000,14.88000000,14.88000000,46,684,N/A,N/A,47804,38551,"NYSE","Basic Materials","Basic Materials/Agriculture","Common Stock",14.88000000,14.88000000
20171030,14.88000000,15.12000000,14.88000000,15.12000000,11,166,N/A,N/A,48575,38551,"NYSE","Basic Materials","Basic Materials/Agriculture","Common Stock",15.12000000,15.12000000
20171031,15.00000000,15.00000000,14.88000000,14.88000000,25,372,N/A,N/A,47804,38551,"NYSE","Basic Materials","Basic Materials/Agriculture","Common Stock",14.88000000,14.88000000
20171101,14.88000000,15.00000000,14.76000000,14.88000000,45,670,N/A,N/A,47804,38551,"NYSE","Basic Materials","Basic Materials/Agriculture","Common Stock",14.88000000,14.88000000
20171102,14.76000000,14.88000000,14.64000000,14.88000000,34,506,N/A,N/A,47804,38551,"NYSE","Basic Materials","Basic Materials/Agriculture","Common Stock",14.88000000,14.88000000
20171103,14.76000000,15.00000000,14.76000000,14.88000000,27,402,N/A,N/A,47804,38551,"NYSE","Basic Materials","Basic Materials/Agriculture","Common Stock",14.88000000,14.88000000
20171106,14.76000000,15.00000000,14.64000000,14.76000000,95,1402,N/A,N/A,47418,38551,"NYSE","Basic Materials","Basic Materials/Agriculture","Common Stock",14.76000000,14.76000000
20171107,14.76000000,14.76000000,14.64000000,14.64000000,7,102,N/A,N/A,47033,38551,"NYSE","Basic Materials","Basic Materials/Agriculture","Common Stock",14.64000000,14.64000000
20171108,14.64000000,15.00000000,14.64000000,14.88000000,35,521,N/A,N/A,47804,38551,"NYSE","Basic Materials","Basic Materials/Agriculture","Common Stock",14.88000000,14.88000000
20171109,14.76000000,15.60000000,14.76000000,15.24000000,168,2560,N/A,N/A,48960,38551,"NYSE","Basic Materials","Basic Materials/Agriculture","Common Stock",15.24000000,15.24000000
20171110,15.36000000,17.28000000,15.12000000,15.60000000,917,14305,N/A,N/A,50117,38551,"NYSE","Basic Materials","Basic Materials/Agriculture","Common Stock",15.60000000,15.60000000
20171113,15.60000000,16.80000000,15.48000000,15.72000000,509,8001,N/A,N/A,50502,38551,"NYSE","Basic Materials","Basic Materials/Agriculture","Common Stock",15.72000000,15.72000000
20171114,15.60000000,18.24000000,15.60000000,17.04000000,826,14075,N/A,N/A,54743,38551,"NYSE","Basic Materials","Basic Materials/Agriculture","Common Stock",17.04000000,17.04000000
20171115,18.24000000,18.24000000,15.24000000,16.20000000,493,7987,N/A,N/A,52044,38551,"NYSE","Basic Materials","Basic Materials/Agriculture","Common Stock",16.20000000,16.20000000
20171116,16.08000000,16.68000000,15.48000000,16.20000000,278,4504,N/A,N/A,52044,38551,"NYSE","Basic Materials","Basic Materials/Agriculture","Common Stock",16.20000000,16.20000000
20171117,16.20000000,16.56000000,15.24000000,15.48000000,157,2430,N/A,N/A,49731,38551,"NYSE","Basic Materials","Basic Materials/Agriculture","Common Stock",15.48000000,15.48000000
20171120,15.36000000,16.20000000,15.36000000,15.84000000,82,1299,N/A,N/A,50888,38551,"NYSE","Basic Materials","Basic Materials/Agriculture","Common Stock",15.84000000,15.84000000
20171121,15.84000000,15.96000000,15.12000000,15.36000000,256,3932,N/A,N/A,49346,38551,"NYSE","Basic Materials","Basic Materials/Agriculture","Common Stock",15.36000000,15.36000000
20171122,15.24000000,15.60000000,15.24000000,15.24000000,62,945,N/A,N/A,48960,38551,"NYSE","Basic Materials","Basic Materials/Agriculture","Common Stock",15.24000000,15.24000000
20171123,15.24000000,15.60000000,15.24000000,15.24000000,0,0,N/A,N/A,0,0,"NYSE","Basic Materials","Basic Materials/Agriculture","Common Stock",1.27000000,15.24000000
20171124,15.36000000,15.48000000,15.12000000,15.12000000,76,1149,N/A,N/A,48575,38551,"NYSE","Basic Materials","Basic Materials/Agriculture","Common Stock",15.12000000,15.12000000
20171127,15.36000000,15.48000000,15.00000000,15.48000000,138,2136,N/A,N/A,49731,38551,"NYSE","Basic Materials","Basic Materials/Agriculture","Common Stock",15.48000000,15.48000000
20171128,15.36000000,15.72000000,15.12000000,15.36000000,97,1490,N/A,N/A,49346,38551,"NYSE","Basic Materials","Basic Materials/Agriculture","Common Stock",15.36000000,15.36000000
20171129,15.12000000,15.48000000,15.00000000,15.00000000,123,1845,N/A,N/A,48189,38551,"NYSE","Basic Materials","Basic Materials/Agriculture","Common Stock",15.00000000,15.00000000
20171130,15.00000000,15.36000000,14.88000000,15.00000000,57,855,N/A,N/A,48189,38551,"NYSE","Basic Materials","Basic Materials/Agriculture","Common Stock",15.00000000,15.00000000
20171201,15.00000000,15.12000000,15.00000000,15.00000000,118,1770,N/A,N/A,48189,38551,"NYSE","Basic Materials","Basic Materials/Agriculture","Common Stock",15.00000000,15.00000000
20171204,15.36000000,15.48000000,14.88000000,15.12000000,85,1285,N/A,N/A,48575,38551,"NYSE","Basic Materials","Basic Materials/Agriculture","Common Stock",15.12000000,15.12000000
20171205,15.24000000,15.24000000,14.64000000,14.88000000,83,1235,N/A,N/A,47804,38551,"NYSE","Basic Materials","Basic Materials/Agriculture","Common Stock",14.88000000,14.88000000
20171206,14.76000000,15.00000000,14.64000000,14.64000000,80,1171,N/A,N/A,47033,38551,"NYSE","Basic Materials","Basic Materials/Agriculture","Common Stock",14.64000000,14.64000000
20171207,14.64000000,14.88000000,14.52000000,14.88000000,90,1339,N/A,N/A,47804,38551,"NYSE","Basic Materials","Basic Materials/Agriculture","Common Stock",14.88000000,14.88000000
20171208,14.64000000,15.00000000,14.64000000,14.76000000,60,886,N/A,N/A,47418,38551,"NYSE","Basic Materials","Basic Materials/Agriculture","Common Stock",14.76000000,14.76000000
20171211,14.64000000,15.36000000,14.52000000,14.76000000,330,4871,N/A,N/A,47418,38551,"NYSE","Basic Materials","Basic Materials/Agriculture","Common Stock",14.76000000,14.76000000
20171212,14.76000000,15.00000000,14.76000000,14.76000000,39,576,N/A,N/A,47418,38551,"NYSE","Basic Materials","Basic Materials/Agriculture","Common Stock",14.76000000,14.76000000
20171213,14.88000000,15.00000000,14.76000000,14.88000000,42,625,N/A,N/A,47804,38551,"NYSE","Basic Materials","Basic Materials/Agriculture","Common Stock",14.88000000,14.88000000
20171214,14.88000000,15.12000000,14.64000000,14.88000000,61,908,N/A,N/A,47804,38551,"NYSE","Basic Materials","Basic Materials/Agriculture","Common Stock",14.88000000,14.88000000
20171215,14.76000000,14.88000000,14.64000000,14.64000000,42,615,N/A,N/A,47033,38551,"NYSE","Basic Materials","Basic Materials/Agriculture","Common Stock",14.64000000,14.64000000
20171218,14.64000000,15.00000000,14.64000000,14.76000000,172,2539,N/A,N/A,47418,38551,"NYSE","Basic Materials","Basic Materials/Agriculture","Common Stock",14.76000000,14.76000000
20171219,14.52000000,15.24000000,14.52000000,14.76000000,115,1697,N/A,N/A,47418,38551,"NYSE","Basic Materials","Basic Materials/Agriculture","Common Stock",14.76000000,14.76000000
20171220,14.64000000,15.00000000,14.52000000,14.64000000,92,1347,N/A,N/A,47033,38551,"NYSE","Basic Materials","Basic Materials/Agriculture","Common Stock",14.64000000,14.64000000
20171221,14.52000000,14.88000000,14.52000000,14.64000000,84,1230,N/A,N/A,47033,38551,"NYSE","Basic Materials","Basic Materials/Agriculture","Common Stock",14.64000000,14.64000000
20171222,14.88000000,15.72000000,14.40000000,15.12000000,276,4173,N/A,N/A,48575,38551,"NYSE","Basic Materials","Basic Materials/Agriculture","Common Stock",15.12000000,15.12000000
20171225,14.88000000,15.72000000,14.40000000,15.12000000,0,0,N/A,N/A,0,0,"NYSE","Basic Materials","Basic Materials/Agriculture","Common Stock",1.26000000,15.12000000
20171226,14.76000000,15.12000000,14.64000000,14.88000000,94,1399,N/A,N/A,47804,38551,"NYSE","Basic Materials","Basic Materials/Agriculture","Common Stock",14.88000000,14.88000000
20171227,14.88000000,15.36000000,14.88000000,15.00000000,54,810,N/A,N/A,48189,38551,"NYSE","Basic Materials","Basic Materials/Agriculture","Common Stock",15.00000000,15.00000000
20171228,15.00000000,15.12000000,14.88000000,14.88000000,57,848,N/A,N/A,47804,38551,"NYSE","Basic Materials","Basic Materials/Agriculture","Common Stock",14.88000000,14.88000000
20171229,14.88000000,15.00000000,14.76000000,14.88000000,78,1161,N/A,N/A,47804,38551,"NYSE","Basic Materials","Basic Materials/Agriculture","Common Stock",14.88000000,14.88000000
20180101,14.88000000,15.00000000,14.76000000,14.88000000,0,0,N/A,N/A,0,0,"NYSE","Basic Materials","Basic Materials/Agriculture","Common Stock",1.24000000,14.88000000
20180102,14.88000000,15.36000000,14.88000000,15.00000000,55,825,N/A,N/A,48189,38551,"NYSE","Basic Materials","Basic Materials/Agriculture","Common Stock",15.00000000,15.00000000
20180103,15.00000000,15.36000000,14.88000000,15.00000000,44,660,N/A,N/A,48189,38551,"NYSE","Basic Materials","Basic Materials/Agriculture","Common Stock",15.00000000,15.00000000
20180104,15.12000000,17.40000000,14.88000000,17.28000000,1948,33661,N/A,N/A,55514,38551,"NYSE","Basic Materials","Basic Materials/Agriculture","Common Stock",17.28000000,17.28000000
20180105,18.24000000,25.32000000,17.40000000,19.20000000,4101,78739,N/A,N/A,61682,38551,"NYSE","Basic Materials","Basic Materials/Agriculture","Common Stock",19.20000000,19.20000000
20180108,18.48000000,19.68000000,18.00000000,18.12000000,523,9477,N/A,N/A,58212,38551,"NYSE","Basic Materials","Basic Materials/Agriculture","Common Stock",18.12000000,18.12000000
20180109,17.88000000,18.00000000,16.56000000,17.16000000,676,11600,N/A,N/A,55128,38551,"NYSE","Basic Materials","Basic Materials/Agriculture","Common Stock",17.16000000,17.16000000
20180110,17.04000000,18.60000000,16.80000000,17.76000000,244,4333,N/A,N/A,57056,38551,"NYSE","Basic Materials","Basic Materials/Agriculture","Common Stock",17.76000000,17.76000000
20180111,18.00000000,18.36000000,17.76000000,18.36000000,261,4792,N/A,N/A,58983,38551,"NYSE","Basic Materials","Basic Materials/Agriculture","Common Stock",18.36000000,18.36000000
20180112,18.24000000,18.60000000,17.64000000,18.00000000,97,1746,N/A,N/A,57827,38551,"NYSE","Basic Materials","Basic Materials/Agriculture","Common Stock",18.00000000,18.00000000
20180115,18.24000000,18.60000000,17.64000000,18.00000000,0,0,N/A,N/A,0,0,"NYSE","Basic Materials","Basic Materials/Agriculture","Common Stock",1.50000000,18.00000000
20180116,17.88000000,17.88000000,17.40000000,17.76000000,247,4387,N/A,N/A,57056,38551,"NYSE","Basic Materials","Basic Materials/Agriculture","Common Stock",17.76000000,17.76000000
20180117,17.76000000,18.24000000,17.16000000,17.64000000,268,4728,N/A,N/A,56670,38551,"NYSE","Basic Materials","Basic Materials/Agriculture","Common Stock",17.64000000,17.64000000
20180118,17.40000000,17.88000000,17.40000000,17.64000000,58,1023,N/A,N/A,56670,38551,"NYSE","Basic Materials","Basic Materials/Agriculture","Common Stock",17.64000000,17.64000000
20180119,17.52000000,17.76000000,17.40000000,17.64000000,96,1693,N/A,N/A,56670,38551,"NYSE","Basic Materials","Basic Materials/Agriculture","Common Stock",17.64000000,17.64000000
20180122,17.64000000,18.48000000,17.64000000,18.12000000,190,3443,N/A,N/A,58212,38551,"NYSE","Basic Materials","Basic Materials/Agriculture","Common Stock",18.12000000,18.12000000
20180123,18.12000000,18.96000000,18.00000000,18.96000000,401,7603,N/A,N/A,60911,38551,"NYSE","Basic Materials","Basic Materials/Agriculture","Common Stock",18.96000000,18.96000000
20180124,18.72000000,19.80000000,18.60000000,18.84000000,373,7027,N/A,N/A,60525,38551,"NYSE","Basic Materials","Basic Materials/Agriculture","Common Stock",18.84000000,18.84000000
20180125,19.20000000,19.32000000,18.84000000,19.08000000,140,2671,N/A,N/A,61297,38551,"NYSE","Basic Materials","Basic Materials/Agriculture","Common Stock",19.08000000,19.08000000
20180126,18.96000000,18.96000000,18.12000000,18.48000000,127,2347,N/A,N/A,59369,38551,"NYSE","Basic Materials","Basic Materials/Agriculture","Common Stock",18.48000000,18.48000000
20180129,18.84000000,18.84000000,18.12000000,18.36000000,88,1616,N/A,N/A,58983,38551,"NYSE","Basic Materials","Basic Materials/Agriculture","Common Stock",18.36000000,18.36000000
20180130,18.12000000,18.36000000,17.88000000,17.88000000,106,1895,N/A,N/A,57441,38551,"NYSE","Basic Materials","Basic Materials/Agriculture","Common Stock",17.88000000,17.88000000
20180131,17.88000000,18.00000000,17.76000000,17.88000000,108,1931,N/A,N/A,57441,38551,"NYSE","Basic Materials","Basic Materials/Agriculture","Common Stock",17.88000000,17.88000000
20180201,17.88000000,17.88000000,17.52000000,17.52000000,107,1875,N/A,N/A,56285,38551,"NYSE","Basic Materials","Basic Materials/Agriculture","Common Stock",17.52000000,17.52000000
20180202,17.40000000,17.64000000,16.68000000,16.92000000,136,2301,N/A,N/A,54357,38551,"NYSE","Basic Materials","Basic Materials/Agriculture","Common Stock",16.92000000,16.92000000
20180205,16.68000000,17.16000000,16.44000000,16.44000000,81,1332,N/A,N/A,52815,38551,"NYSE","Basic Materials","Basic Materials/Agriculture","Common Stock",16.44000000,16.44000000
20180206,16.32000000,16.44000000,15.72000000,16.32000000,202,3297,N/A,N/A,52430,38551,"NYSE","Basic Materials","Basic Materials/Agriculture","Common Stock",16.32000000,16.32000000
20180207,16.68000000,16.80000000,16.08000000,16.56000000,65,1076,N/A,N/A,53201,38551,"NYSE","Basic Materials","Basic Materials/Agriculture","Common Stock",16.56000000,16.56000000
20180208,16.44000000,16.56000000,16.08000000,16.08000000,85,1367,N/A,N/A,51659,38551,"NYSE","Basic Materials","Basic Materials/Agriculture","Common Stock",16.08000000,16.08000000
20180209,15.96000000,16.44000000,15.96000000,16.08000000,79,1270,N/A,N/A,51659,38551,"NYSE","Basic Materials","Basic Materials/Agriculture","Common Stock",16.08000000,16.08000000
20180212,15.84000000,16.20000000,15.84000000,16.20000000,86,1393,N/A,N/A,52044,38551,"NYSE","Basic Materials","Basic Materials/Agriculture","Common Stock",16.20000000,16.20000000
20180213,16.20000000,18.00000000,16.20000000,17.88000000,173,3093,N/A,N/A,57441,38551,"NYSE","Basic Materials","Basic Materials/Agriculture","Common Stock",17.88000000,17.88000000
20180214,18.60000000,18.60000000,16.32000000,16.80000000,306,5141,N/A,N/A,53972,38551,"NYSE","Basic Materials","Basic Materials/Agriculture","Common Stock",16.80000000,16.80000000
20180215,16.80000000,17.64000000,16.68000000,17.28000000,404,6981,N/A,N/A,55514,38551,"NYSE","Basic Materials","Basic Materials/Agriculture","Common Stock",17.28000000,17.28000000
20180216,17.28000000,17.52000000,16.92000000,17.04000000,116,1977,N/A,N/A,54743,38551,"NYSE","Basic Materials","Basic Materials/Agriculture","Common Stock",17.04000000,17.04000000
20180219,17.28000000,17.52000000,16.92000000,17.04000000,0,0,N/A,N/A,0,0,"NYSE","Basic Materials","Basic Materials/Agriculture","Common Stock",1.42000000,17.04000000
20180220,17.16000000,17.16000000,16.80000000,16.92000000,62,1049,N/A,N/A,54357,38551,"NYSE","Basic Materials","Basic Materials/Agriculture","Common Stock",16.92000000,16.92000000
20180221,16.80000000,17.04000000,16.56000000,16.80000000,37,622,N/A,N/A,53972,38551,"NYSE","Basic Materials","Basic Materials/Agriculture","Common Stock",16.80000000,16.80000000
20180222,16.92000000,17.52000000,16.68000000,17.04000000,269,4584,N/A,N/A,54743,38551,"NYSE","Basic Materials","Basic Materials/Agriculture","Common Stock",17.04000000,17.04000000
20180223,16.92000000,17.04000000,16.80000000,16.92000000,30,508,N/A,N/A,54357,38551,"NYSE","Basic Materials","Basic Materials/Agriculture","Common Stock",16.92000000,16.92000000
20180226,17.04000000,17.04000000,16.56000000,16.56000000,202,3345,N/A,N/A,53201,38551,"NYSE","Basic Materials","Basic Materials/Agriculture","Common Stock",16.56000000,16.56000000
20180227,16.56000000,16.68000000,16.44000000,16.56000000,60,994,N/A,N/A,53201,38551,"NYSE","Basic Materials","Basic Materials/Agriculture","Common Stock",16.56000000,16.56000000
20180228,16.56000000,16.56000000,16.32000000,16.44000000,73,1200,N/A,N/A,52815,38551,"NYSE","Basic Materials","Basic Materials/Agriculture","Common Stock",16.44000000,16.44000000
20180301,16.44000000,16.80000000,16.32000000,16.44000000,78,1282,N/A,N/A,52815,38551,"NYSE","Basic Materials","Basic Materials/Agriculture","Common Stock",16.44000000,16.44000000
20180302,16.44000000,16.92000000,16.44000000,16.80000000,58,974,N/A,N/A,53972,38551,"NYSE","Basic Materials","Basic Materials/Agriculture","Common Stock",16.80000000,16.80000000
20180305,16.92000000,16.92000000,16.56000000,16.68000000,19,317,N/A,N/A,53586,38551,"NYSE","Basic Materials","Basic Materials/Agriculture","Common Stock",16.68000000,16.68000000
20180306,16.68000000,16.68000000,15.96000000,16.44000000,119,1956,N/A,N/A,52815,38551,"NYSE","Basic Materials","Basic Materials/Agriculture","Common Stock",16.44000000,16.44000000
20180307,16.32000000,16.68000000,16.32000000,16.44000000,15,247,N/A,N/A,52815,38551,"NYSE","Basic Materials","Basic Materials/Agriculture","Common Stock",16.44000000,16.44000000
20180308,16.44000000,16.68000000,16.08000000,16.44000000,41,674,N/A,N/A,52815,38551,"NYSE","Basic Materials","Basic Materials/Agriculture","Common Stock",16.44000000,16.44000000
20180309,16.44000000,16.80000000,16.32000000,16.32000000,35,571,N/A,N/A,52430,38551,"NYSE","Basic Materials","Basic Materials/Agriculture","Common Stock",16.32000000,16.32000000
20180312,16.32000000,16.44000000,15.84000000,16.20000000,162,2624,N/A,N/A,52044,38551,"NYSE","Basic Materials","Basic Materials/Agriculture","Common Stock",16.20000000,16.20000000
20180313,16.20000000,16.20000000,15.96000000,16.20000000,22,356,N/A,N/A,52044,38551,"NYSE","Basic Materials","Basic Materials/Agriculture","Common Stock",16.20000000,16.20000000
20180314,16.08000000,17.40000000,16.08000000,16.44000000,847,13925,N/A,N/A,52815,38551,"NYSE","Basic Materials","Basic Materials/Agriculture","Common Stock",16.44000000,16.44000000
20180315,16.56000000,16.68000000,16.08000000,16.08000000,189,3039,N/A,N/A,51659,38551,"NYSE","Basic Materials","Basic Materials/Agriculture","Common Stock",16.08000000,16.08000000
20180316,16.20000000,16.44000000,16.08000000,16.32000000,120,1958,N/A,N/A,52430,38551,"NYSE","Basic Materials","Basic Materials/Agriculture","Common Stock",16.32000000,16.32000000
20180319,16.44000000,16.44000000,15.96000000,15.96000000,87,1389,N/A,N/A,51273,38551,"NYSE","Basic Materials","Basic Materials/Agriculture","Common Stock",15.96000000,15.96000000
20180320,15.96000000,16.20000000,15.84000000,16.08000000,99,1592,N/A,N/A,51659,38551,"NYSE","Basic Materials","Basic Materials/Agriculture","Common Stock",16.08000000,16.08000000
20180321,15.84000000,16.20000000,15.84000000,16.08000000,21,338,N/A,N/A,51659,38551,"NYSE","Basic Materials","Basic Materials/Agriculture","Common Stock",16.08000000,16.08000000
20180322,16.08000000,16.20000000,15.36000000,15.60000000,155,2418,N/A,N/A,50117,38551,"NYSE","Basic Materials","Basic Materials/Agriculture","Common Stock",15.60000000,15.60000000
20180323,15.60000000,15.60000000,14.76000000,15.24000000,79,1204,N/A,N/A,48960,38551,"NYSE","Basic Materials","Basic Materials/Agriculture","Common Stock",15.24000000,15.24000000
20180326,15.48000000,15.48000000,15.00000000,15.24000000,103,1570,N/A,N/A,48960,38551,"NYSE","Basic Materials","Basic Materials/Agriculture","Common Stock",15.24000000,15.24000000
20180327,15.36000000,15.60000000,15.12000000,15.12000000,23,348,N/A,N/A,48575,38551,"NYSE","Basic Materials","Basic Materials/Agriculture","Common Stock",15.12000000,15.12000000
20180328,15.12000000,15.24000000,15.00000000,15.00000000,41,615,N/A,N/A,48189,38551,"NYSE","Basic Materials","Basic Materials/Agriculture","Common Stock",15.00000000,15.00000000
20180329,15.00000000,15.36000000,15.00000000,15.12000000,44,665,N/A,N/A,48575,38551,"NYSE","Basic Materials","Basic Materials/Agriculture","Common Stock",15.12000000,15.12000000
20180330,15.00000000,15.36000000,15.00000000,15.12000000,0,0,N/A,N/A,0,0,"NYSE","Basic Materials","Basic Materials/Agriculture","Common Stock",1.26000000,15.12000000
20180402,15.12000000,15.24000000,14.88000000,15.00000000,61,915,N/A,N/A,48189,38551,"NYSE","Basic Materials","Basic Materials/Agriculture","Common Stock",15.00000000,15.00000000
20180403,14.88000000,15.48000000,14.88000000,15.24000000,20,305,N/A,N/A,48960,38551,"NYSE","Basic Materials","Basic Materials/Agriculture","Common Stock",15.24000000,15.24000000
20180404,15.00000000,15.12000000,14.88000000,15.00000000,40,600,N/A,N/A,48189,38551,"NYSE","Basic Materials","Basic Materials/Agriculture","Common Stock",15.00000000,15.00000000
20180405,15.00000000,15.24000000,14.88000000,15.12000000,50,756,N/A,N/A,48575,38551,"NYSE","Basic Materials","Basic Materials/Agriculture","Common Stock",15.12000000,15.12000000
20180406,15.00000000,15.24000000,14.88000000,15.12000000,17,257,N/A,N/A,48575,38551,"NYSE","Basic Materials","Basic Materials/Agriculture","Common Stock",15.12000000,15.12000000
20180409,15.24000000,15.72000000,15.12000000,15.60000000,92,1435,N/A,N/A,50117,38551,"NYSE","Basic Materials","Basic Materials/Agriculture","Common Stock",15.60000000,15.60000000
20180410,15.60000000,15.72000000,15.12000000,15.12000000,81,1225,N/A,N/A,48575,38551,"NYSE","Basic Materials","Basic Materials/Agriculture","Common Stock",15.12000000,15.12000000
20180411,15.24000000,15.60000000,15.12000000,15.12000000,100,1512,N/A,N/A,48575,38551,"NYSE","Basic Materials","Basic Materials/Agriculture","Common Stock",15.12000000,15.12000000
20180412,15.36000000,15.60000000,15.12000000,15.48000000,54,836,N/A,N/A,49731,38551,"NYSE","Basic Materials","Basic Materials/Agriculture","Common Stock",15.48000000,15.48000000
20180413,15.36000000,15.36000000,15.24000000,15.24000000,25,381,N/A,N/A,48960,38551,"NYSE","Basic Materials","Basic Materials/Agriculture","Common Stock",15.24000000,15.24000000
20180416,15.36000000,15.48000000,15.12000000,15.12000000,107,1618,N/A,N/A,48575,38551,"NYSE","Basic Materials","Basic Materials/Agriculture","Common Stock",15.12000000,15.12000000
20180417,15.12000000,15.36000000,15.12000000,15.12000000,13,197,N/A,N/A,48575,38551,"NYSE","Basic Materials","Basic Materials/Agriculture","Common Stock",15.12000000,15.12000000
20180418,15.12000000,15.72000000,15.00000000,15.48000000,116,1796,N/A,N/A,49731,38551,"NYSE","Basic Materials","Basic Materials/Agriculture","Common Stock",15.48000000,15.48000000
20180419,15.48000000,15.48000000,15.24000000,15.24000000,29,442,N/A,N/A,48960,38551,"NYSE","Basic Materials","Basic Materials/Agriculture","Common Stock",15.24000000,15.24000000
20180420,15.24000000,15.48000000,15.24000000,15.36000000,16,246,N/A,N/A,49346,38551,"NYSE","Basic Materials","Basic Materials/Agriculture","Common Stock",15.36000000,15.36000000
20180423,15.36000000,15.36000000,15.00000000,15.00000000,46,690,N/A,N/A,48189,38551,"NYSE","Basic Materials","Basic Materials/Agriculture","Common Stock",15.00000000,15.00000000
20180424,15.12000000,15.12000000,15.00000000,15.00000000,31,465,N/A,N/A,48189,38551,"NYSE","Basic Materials","Basic Materials/Agriculture","Common Stock",15.00000000,15.00000000
20180425,15.00000000,15.00000000,14.52000000,14.88000000,55,818,N/A,N/A,47804,38551,"NYSE","Basic Materials","Basic Materials/Agriculture","Common Stock",14.88000000,14.88000000
20180426,14.88000000,14.88000000,14.64000000,14.88000000,28,417,N/A,N/A,47804,38551,"NYSE","Basic Materials","Basic Materials/Agriculture","Common Stock",14.88000000,14.88000000
20180427,15.00000000,15.00000000,14.76000000,14.76000000,10,148,N/A,N/A,47418,38551,"NYSE","Basic Materials","Basic Materials/Agriculture","Common Stock",14.76000000,14.76000000
20180430,14.76000000,14.88000000,14.64000000,14.76000000,24,354,N/A,N/A,47418,38551,"NYSE","Basic Materials","Basic Materials/Agriculture","Common Stock",14.76000000,14.76000000
20180501,15.00000000,15.24000000,14.76000000,15.12000000,38,575,N/A,N/A,48575,38551,"NYSE","Basic Materials","Basic Materials/Agriculture","Common Stock",15.12000000,15.12000000
20180502,15.12000000,15.36000000,15.12000000,15.12000000,44,665,N/A,N/A,48575,38551,"NYSE","Basic Materials","Basic Materials/Agriculture","Common Stock",15.12000000,15.12000000
20180503,15.00000000,15.48000000,15.00000000,15.36000000,53,814,N/A,N/A,49346,38551,"NYSE","Basic Materials","Basic Materials/Agriculture","Common Stock",15.36000000,15.36000000
20180504,15.36000000,15.60000000,15.00000000,15.00000000,38,570,N/A,N/A,48189,38551,"NYSE","Basic Materials","Basic Materials/Agriculture","Common Stock",15.00000000,15.00000000
20180507,15.12000000,15.24000000,14.76000000,14.88000000,58,863,N/A,N/A,47804,38551,"NYSE","Basic Materials","Basic Materials/Agriculture","Common Stock",14.88000000,14.88000000
20180508,14.88000000,15.36000000,14.88000000,15.12000000,17,257,N/A,N/A,49010,38897,"NYSE","Basic Materials","Basic Materials/Agriculture","Common Stock",15.12000000,15.12000000
20180509,15.00000000,15.36000000,14.88000000,14.88000000,35,521,N/A,N/A,48232,38897,"NYSE","Basic Materials","Basic Materials/Agriculture","Common Stock",14.88000000,14.88000000
20180510,15.12000000,15.36000000,14.88000000,15.00000000,39,585,N/A,N/A,48621,38897,"NYSE","Basic Materials","Basic Materials/Agriculture","Common Stock",15.00000000,15.00000000
20180511,15.00000000,15.12000000,14.88000000,15.12000000,80,1210,N/A,N/A,49010,38897,"NYSE","Basic Materials","Basic Materials/Agriculture","Common Stock",15.12000000,15.12000000
20180514,14.76000000,15.12000000,14.76000000,15.00000000,77,1155,N/A,N/A,48621,38897,"NYSE","Basic Materials","Basic Materials/Agriculture","Common Stock",15.00000000,15.00000000
20180515,15.24000000,15.24000000,14.88000000,15.00000000,38,570,N/A,N/A,48621,38897,"NYSE","Basic Materials","Basic Materials/Agriculture","Common Stock",15.00000000,15.00000000
20180516,15.12000000,15.12000000,14.88000000,15.00000000,59,885,N/A,N/A,48621,38897,"NYSE","Basic Materials","Basic Materials/Agriculture","Common Stock",15.00000000,15.00000000
20180517,14.88000000,15.12000000,14.88000000,15.00000000,78,1170,N/A,N/A,48621,38897,"NYSE","Basic Materials","Basic Materials/Agriculture","Common Stock",15.00000000,15.00000000
20180518,14.88000000,15.12000000,14.88000000,15.00000000,26,390,N/A,N/A,48621,38897,"NYSE","Basic Materials","Basic Materials/Agriculture","Common Stock",15.00000000,15.00000000
20180521,15.12000000,15.12000000,14.88000000,15.00000000,31,465,N/A,N/A,48621,38897,"NYSE","Basic Materials","Basic Materials/Agriculture","Common Stock",15.00000000,15.00000000
20180522,15.00000000,15.12000000,14.76000000,14.88000000,43,640,N/A,N/A,48232,38897,"NYSE","Basic Materials","Basic Materials/Agriculture","Common Stock",14.88000000,14.88000000
20180523,14.88000000,15.00000000,14.76000000,14.88000000,53,789,N/A,N/A,48232,38897,"NYSE","Basic Materials","Basic Materials/Agriculture","Common Stock",14.88000000,14.88000000
20180524,14.88000000,15.00000000,14.76000000,15.00000000,28,420,N/A,N/A,48621,38897,"NYSE","Basic Materials","Basic Materials/Agriculture","Common Stock",15.00000000,15.00000000
20180525,14.88000000,15.00000000,14.76000000,14.76000000,25,369,N/A,N/A,47843,38897,"NYSE","Basic Materials","Basic Materials/Agriculture","Common Stock",14.76000000,14.76000000
20180528,14.88000000,15.00000000,14.76000000,14.76000000,0,0,N/A,N/A,0,0,"NYSE","Basic Materials","Basic Materials/Agriculture","Common Stock",1.23000000,14.76000000
20180529,15.00000000,15.00000000,14.76000000,15.00000000,65,975,N/A,N/A,48621,38897,"NYSE","Basic Materials","Basic Materials/Agriculture","Common Stock",15.00000000,15.00000000
20180530,15.00000000,15.00000000,14.76000000,15.00000000,31,465,N/A,N/A,48621,38897,"NYSE","Basic Materials","Basic Materials/Agriculture","Common Stock",15.00000000,15.00000000
20180531,15.00000000,15.00000000,14.88000000,14.88000000,12,179,N/A,N/A,48232,38897,"NYSE","Basic Materials","Basic Materials/Agriculture","Common Stock",14.88000000,14.88000000
20180601,15.00000000,15.00000000,14.64000000,14.76000000,105,1550,N/A,N/A,47843,38897,"NYSE","Basic Materials","Basic Materials/Agriculture","Common Stock",14.76000000,14.76000000
20180604,14.88000000,14.88000000,14.76000000,14.88000000,47,699,N/A,N/A,48232,38897,"NYSE","Basic Materials","Basic Materials/Agriculture","Common Stock",14.88000000,14.88000000
20180605,14.88000000,14.88000000,14.76000000,14.88000000,20,298,N/A,N/A,48232,38897,"NYSE","Basic Materials","Basic Materials/Agriculture","Common Stock",14.88000000,14.88000000
20180606,14.88000000,15.00000000,14.64000000,14.76000000,76,1122,N/A,N/A,47843,38897,"NYSE","Basic Materials","Basic Materials/Agriculture","Common Stock",14.76000000,14.76000000
20180607,14.76000000,14.88000000,14.64000000,14.76000000,52,768,N/A,N/A,47843,38897,"NYSE","Basic Materials","Basic Materials/Agriculture","Common Stock",14.76000000,14.76000000
20180608,14.76000000,14.88000000,14.52000000,14.52000000,54,784,N/A,N/A,47065,38897,"NYSE","Basic Materials","Basic Materials/Agriculture","Common Stock",14.52000000,14.52000000
20180611,14.52000000,14.88000000,14.52000000,14.64000000,26,381,N/A,N/A,47454,38897,"NYSE","Basic Materials","Basic Materials/Agriculture","Common Stock",14.64000000,14.64000000
20180612,14.64000000,14.88000000,14.64000000,14.88000000,27,402,N/A,N/A,48232,38897,"NYSE","Basic Materials","Basic Materials/Agriculture","Common Stock",14.88000000,14.88000000
20180613,14.88000000,14.88000000,14.64000000,14.64000000,14,205,N/A,N/A,47454,38897,"NYSE","Basic Materials","Basic Materials/Agriculture","Common Stock",14.64000000,14.64000000
20180614,14.88000000,14.88000000,14.40000000,14.52000000,65,944,N/A,N/A,47065,38897,"NYSE","Basic Materials","Basic Materials/Agriculture","Common Stock",14.52000000,14.52000000
20180615,14.64000000,14.64000000,13.92000000,14.04000000,128,1797,N/A,N/A,45509,38897,"NYSE","Basic Materials","Basic Materials/Agriculture","Common Stock",14.04000000,14.04000000
20180618,14.04000000,14.40000000,13.92000000,14.40000000,101,1454,N/A,N/A,46676,38897,"NYSE","Basic Materials","Basic Materials/Agriculture","Common Stock",14.40000000,14.40000000
20180619,14.40000000,14.40000000,13.92000000,13.92000000,42,585,N/A,N/A,45120,38897,"NYSE","Basic Materials","Basic Materials/Agriculture","Common Stock",13.92000000,13.92000000
20180620,14.16000000,14.28000000,13.92000000,14.16000000,20,283,N/A,N/A,45898,38897,"NYSE","Basic Materials","Basic Materials/Agriculture","Common Stock",14.16000000,14.16000000
20180621,14.40000000,14.40000000,13.80000000,13.92000000,66,919,N/A,N/A,45120,38897,"NYSE","Basic Materials","Basic Materials/Agriculture","Common Stock",13.92000000,13.92000000
20180622,13.92000000,14.16000000,13.92000000,14.04000000,40,562,N/A,N/A,45509,38897,"NYSE","Basic Materials","Basic Materials/Agriculture","Common Stock",14.04000000,14.04000000
20180625,14.04000000,14.04000000,13.68000000,13.68000000,208,2845,N/A,N/A,44343,38897,"NYSE","Basic Materials","Basic Materials/Agriculture","Common Stock",13.68000000,13.68000000
20180626,13.68000000,13.92000000,13.68000000,13.92000000,12,167,N/A,N/A,45120,38897,"NYSE","Basic Materials","Basic Materials/Agriculture","Common Stock",13.92000000,13.92000000
20180627,14.04000000,14.04000000,13.68000000,13.68000000,79,1081,N/A,N/A,44343,38897,"NYSE","Basic Materials","Basic Materials/Agriculture","Common Stock",13.68000000,13.68000000
20180628,13.92000000,13.92000000,13.68000000,13.92000000,24,334,N/A,N/A,45120,38897,"NYSE","Basic Materials","Basic Materials/Agriculture","Common Stock",13.92000000,13.92000000
20180629,13.80000000,14.04000000,13.68000000,13.80000000,71,980,N/A,N/A,44731,38897,"NYSE","Basic Materials","Basic Materials/Agriculture","Common Stock",13.80000000,13.80000000
20180702,14.04000000,14.04000000,13.80000000,13.80000000,36,497,N/A,N/A,44731,38897,"NYSE","Basic Materials","Basic Materials/Agriculture","Common Stock",13.80000000,13.80000000
20180703,13.92000000,14.16000000,13.80000000,13.80000000,21,290,N/A,N/A,44731,38897,"NYSE","Basic Materials","Basic Materials/Agriculture","Common Stock",13.80000000,13.80000000
20180704,13.92000000,14.16000000,13.80000000,13.80000000,0,0,N/A,N/A,0,0,"NYSE","Basic Materials","Basic Materials/Agriculture","Common Stock",1.15000000,13.80000000
20180705,13.80000000,13.92000000,13.68000000,13.80000000,57,787,N/A,N/A,44731,38897,"NYSE","Basic Materials","Basic Materials/Agriculture","Common Stock",13.80000000,13.80000000
20180706,13.80000000,14.04000000,13.80000000,14.04000000,17,239,N/A,N/A,45509,38897,"NYSE","Basic Materials","Basic Materials/Agriculture","Common Stock",14.04000000,14.04000000
20180709,14.16000000,14.28000000,14.04000000,14.28000000,40,571,N/A,N/A,46287,38897,"NYSE","Basic Materials","Basic Materials/Agriculture","Common Stock",14.28000000,14.28000000
20180710,14.04000000,14.28000000,14.04000000,14.04000000,16,225,N/A,N/A,45509,38897,"NYSE","Basic Materials","Basic Materials/Agriculture","Common Stock",14.04000000,14.04000000
20180711,14.04000000,14.16000000,13.68000000,13.92000000,55,766,N/A,N/A,45120,38897,"NYSE","Basic Materials","Basic Materials/Agriculture","Common Stock",13.92000000,13.92000000
20180712,13.68000000,13.92000000,13.68000000,13.80000000,36,497,N/A,N/A,44731,38897,"NYSE","Basic Materials","Basic Materials/Agriculture","Common Stock",13.80000000,13.80000000
20180713,13.92000000,14.04000000,13.92000000,14.04000000,24,337,N/A,N/A,45509,38897,"NYSE","Basic Materials","Basic Materials/Agriculture","Common Stock",14.04000000,14.04000000
20180716,14.04000000,14.04000000,13.92000000,14.04000000,15,211,N/A,N/A,45509,38897,"NYSE","Basic Materials","Basic Materials/Agriculture","Common Stock",14.04000000,14.04000000
20180717,14.16000000,14.16000000,13.92000000,14.16000000,78,1104,N/A,N/A,45898,38897,"NYSE","Basic Materials","Basic Materials/Agriculture","Common Stock",14.16000000,14.16000000
20180718,14.16000000,14.64000000,14.04000000,14.40000000,95,1368,N/A,N/A,46676,38897,"NYSE","Basic Materials","Basic Materials/Agriculture","Common Stock",14.40000000,14.40000000
20180719,14.40000000,14.40000000,14.28000000,14.28000000,4,57,N/A,N/A,46287,38897,"NYSE","Basic Materials","Basic Materials/Agriculture","Common Stock",14.28000000,14.28000000
20180720,14.40000000,14.40000000,13.68000000,13.80000000,76,1049,N/A,N/A,44731,38897,"NYSE","Basic Materials","Basic Materials/Agriculture","Common Stock",13.80000000,13.80000000
20180723,13.92000000,13.92000000,13.68000000,13.80000000,26,359,N/A,N/A,44731,38897,"NYSE","Basic Materials","Basic Materials/Agriculture","Common Stock",13.80000000,13.80000000
20180724,13.68000000,13.80000000,13.44000000,13.56000000,45,610,N/A,N/A,43954,38897,"NYSE","Basic Materials","Basic Materials/Agriculture","Common Stock",13.56000000,13.56000000
20180725,13.68000000,13.68000000,13.20000000,13.56000000,97,1315,N/A,N/A,43954,38897,"NYSE","Basic Materials","Basic Materials/Agriculture","Common Stock",13.56000000,13.56000000
20180726,13.68000000,13.80000000,13.56000000,13.56000000,17,231,N/A,N/A,43954,38897,"NYSE","Basic Materials","Basic Materials/Agriculture","Common Stock",13.56000000,13.56000000
20180727,13.68000000,13.80000000,13.56000000,13.68000000,27,369,N/A,N/A,44343,38897,"NYSE","Basic Materials","Basic Materials/Agriculture","Common Stock",13.68000000,13.68000000
20180730,13.68000000,13.80000000,13.32000000,13.32000000,21,280,N/A,N/A,43176,38897,"NYSE","Basic Materials","Basic Materials/Agriculture","Common Stock",13.32000000,13.32000000
20180731,13.56000000,13.56000000,13.32000000,13.32000000,28,373,N/A,N/A,43176,38897,"NYSE","Basic Materials","Basic Materials/Agriculture","Common Stock",13.32000000,13.32000000
20180801,13.44000000,13.56000000,13.20000000,13.44000000,55,739,N/A,N/A,43565,38897,"NYSE","Basic Materials","Basic Materials/Agriculture","Common Stock",13.44000000,13.44000000
20180802,13.20000000,13.44000000,13.20000000,13.32000000,45,599,N/A,N/A,43176,38897,"NYSE","Basic Materials","Basic Materials/Agriculture","Common Stock",13.32000000,13.32000000
20180803,13.20000000,13.44000000,13.20000000,13.44000000,16,215,N/A,N/A,43565,38897,"NYSE","Basic Materials","Basic Materials/Agriculture","Common Stock",13.44000000,13.44000000
20180806,13.44000000,13.44000000,13.20000000,13.32000000,18,240,N/A,N/A,43176,38897,"NYSE","Basic Materials","Basic Materials/Agriculture","Common Stock",13.32000000,13.32000000
20180807,13.44000000,13.44000000,12.96000000,13.32000000,78,1039,N/A,N/A,43176,38897,"NYSE","Basic Materials","Basic Materials/Agriculture","Common Stock",13.32000000,13.32000000
20180808,13.32000000,13.80000000,13.20000000,13.56000000,37,502,N/A,N/A,43954,38897,"NYSE","Basic Materials","Basic Materials/Agriculture","Common Stock",13.56000000,13.56000000
20180809,13.68000000,13.80000000,13.44000000,13.56000000,19,258,N/A,N/A,43954,38897,"NYSE","Basic Materials","Basic Materials/Agriculture","Common Stock",13.56000000,13.56000000
20180810,13.20000000,13.56000000,13.20000000,13.20000000,23,304,N/A,N/A,42787,38897,"NYSE","Basic Materials","Basic Materials/Agriculture","Common Stock",13.20000000,13.20000000
20180813,13.20000000,13.68000000,13.20000000,13.56000000,55,746,N/A,N/A,43954,38897,"NYSE","Basic Materials","Basic Materials/Agriculture","Common Stock",13.56000000,13.56000000
20180814,13.56000000,13.68000000,13.20000000,13.56000000,58,786,N/A,N/A,43954,38897,"NYSE","Basic Materials","Basic Materials/Agriculture","Common Stock",13.56000000,13.56000000
20180815,13.44000000,13.80000000,13.32000000,13.44000000,44,591,N/A,N/A,43565,38897,"NYSE","Basic Materials","Basic Materials/Agriculture","Common Stock",13.44000000,13.44000000
20180816,13.56000000,13.56000000,13.20000000,13.32000000,91,1212,N/A,N/A,43176,38897,"NYSE","Basic Materials","Basic Materials/Agriculture","Common Stock",13.32000000,13.32000000
20180817,13.32000000,13.32000000,11.40000000,13.20000000,51,673,N/A,N/A,42787,38897,"NYSE","Basic Materials","Basic Materials/Agriculture","Common Stock",13.20000000,13.20000000
20180820,12.96000000,13.44000000,12.60000000,13.20000000,74,977,N/A,N/A,42787,38897,"NYSE","Basic Materials","Basic Materials/Agriculture","Common Stock",13.20000000,13.20000000
20180821,13.08000000,13.32000000,12.96000000,12.96000000,35,454,N/A,N/A,42009,38897,"NYSE","Basic Materials","Basic Materials/Agriculture","Common Stock",12.96000000,12.96000000
20180822,12.96000000,13.20000000,12.84000000,13.08000000,10,131,N/A,N/A,42398,38897,"NYSE","Basic Materials","Basic Materials/Agriculture","Common Stock",13.08000000,13.08000000
20180823,13.08000000,13.08000000,12.84000000,12.84000000,53,681,N/A,N/A,41620,38897,"NYSE","Basic Materials","Basic Materials/Agriculture","Common Stock",12.84000000,12.84000000
20180824,12.72000000,12.84000000,12.72000000,12.72000000,89,1132,N/A,N/A,41231,38897,"NYSE","Basic Materials","Basic Materials/Agriculture","Common Stock",12.72000000,12.72000000
20180827,12.60000000,12.72000000,12.36000000,12.48000000,118,1473,N/A,N/A,40453,38897,"NYSE","Basic Materials","Basic Materials/Agriculture","Common Stock",12.48000000,12.48000000
20180828,12.36000000,12.72000000,12.36000000,12.72000000,58,738,N/A,N/A,41231,38897,"NYSE","Basic Materials","Basic Materials/Agriculture","Common Stock",12.72000000,12.72000000
20180829,12.72000000,12.84000000,12.60000000,12.72000000,63,801,N/A,N/A,41231,38897,"NYSE","Basic Materials","Basic Materials/Agriculture","Common Stock",12.72000000,12.72000000
20180830,12.60000000,12.72000000,12.60000000,12.72000000,12,153,N/A,N/A,41231,38897,"NYSE","Basic Materials","Basic Materials/Agriculture","Common Stock",12.72000000,12.72000000
20180831,12.72000000,12.84000000,12.48000000,12.60000000,21,265,N/A,N/A,40842,38897,"NYSE","Basic Materials","Basic Materials/Agriculture","Common Stock",12.60000000,12.60000000
20180903,12.72000000,12.84000000,12.48000000,12.60000000,0,0,N/A,N/A,0,0,"NYSE","Basic Materials","Basic Materials/Agriculture","Common Stock",1.05000000,12.60000000
20180904,12.48000000,12.60000000,12.12000000,12.24000000,77,942,N/A,N/A,39675,38897,"NYSE","Basic Materials","Basic Materials/Agriculture","Common Stock",12.24000000,12.24000000
20180905,12.48000000,12.48000000,11.76000000,11.88000000,106,1259,N/A,N/A,38508,38897,"NYSE","Basic Materials","Basic Materials/Agriculture","Common Stock",11.88000000,11.88000000
20180906,11.76000000,11.88000000,11.76000000,11.88000000,84,998,N/A,N/A,38508,38897,"NYSE","Basic Materials","Basic Materials/Agriculture","Common Stock",11.88000000,11.88000000
20180907,11.76000000,11.88000000,11.52000000,11.64000000,43,501,N/A,N/A,37730,38897,"NYSE","Basic Materials","Basic Materials/Agriculture","Common Stock",11.64000000,11.64000000
20180910,11.76000000,11.76000000,11.04000000,11.40000000,85,969,N/A,N/A,36952,38897,"NYSE","Basic Materials","Basic Materials/Agriculture","Common Stock",11.40000000,11.40000000
20180911,11.40000000,11.40000000,10.80000000,10.80000000,71,767,N/A,N/A,35007,38897,"NYSE","Basic Materials","Basic Materials/Agriculture","Common Stock",10.80000000,10.80000000
20180912,10.92000000,11.04000000,10.80000000,10.80000000,91,983,N/A,N/A,35007,38897,"NYSE","Basic Materials","Basic Materials/Agriculture","Common Stock",10.80000000,10.80000000
20180913,10.80000000,11.04000000,10.56000000,10.80000000,85,918,N/A,N/A,35007,38897,"NYSE","Basic Materials","Basic Materials/Agriculture","Common Stock",10.80000000,10.80000000
20180914,10.80000000,10.80000000,10.56000000,10.80000000,46,497,N/A,N/A,35007,38897,"NYSE","Basic Materials","Basic Materials/Agriculture","Common Stock",10.80000000,10.80000000
20180917,10.80000000,10.80000000,10.44000000,10.68000000,72,769,N/A,N/A,34618,38897,"NYSE","Basic Materials","Basic Materials/Agriculture","Common Stock",10.68000000,10.68000000
20180918,10.44000000,11.40000000,10.44000000,11.28000000,116,1308,N/A,N/A,36563,38897,"NYSE","Basic Materials","Basic Materials/Agriculture","Common Stock",11.28000000,11.28000000
20180919,11.64000000,11.64000000,10.92000000,11.16000000,23,257,N/A,N/A,36174,38897,"NYSE","Basic Materials","Basic Materials/Agriculture","Common Stock",11.16000000,11.16000000
20180920,11.16000000,11.40000000,10.92000000,11.04000000,40,442,N/A,N/A,35785,38897,"NYSE","Basic Materials","Basic Materials/Agriculture","Common Stock",11.04000000,11.04000000
20180921,11.04000000,11.40000000,10.68000000,11.04000000,44,486,N/A,N/A,35785,38897,"NYSE","Basic Materials","Basic Materials/Agriculture","Common Stock",11.04000000,11.04000000
20180924,11.04000000,11.04000000,10.20000000,10.68000000,60,641,N/A,N/A,34618,38897,"NYSE","Basic Materials","Basic Materials/Agriculture","Common Stock",10.68000000,10.68000000
20180925,10.68000000,10.92000000,10.44000000,10.56000000,81,855,N/A,N/A,34229,38897,"NYSE","Basic Materials","Basic Materials/Agriculture","Common Stock",10.56000000,10.56000000
20180926,10.80000000,11.04000000,10.56000000,10.68000000,23,246,N/A,N/A,34618,38897,"NYSE","Basic Materials","Basic Materials/Agriculture","Common Stock",10.68000000,10.68000000
20180927,10.80000000,11.04000000,10.80000000,10.92000000,62,677,N/A,N/A,35396,38897,"NYSE","Basic Materials","Basic Materials/Agriculture","Common Stock",10.92000000,10.92000000
20180928,11.04000000,11.04000000,10.44000000,10.44000000,29,303,N/A,N/A,33840,38897,"NYSE","Basic Materials","Basic Materials/Agriculture","Common Stock",10.44000000,10.44000000
20181001,10.20000000,10.68000000,9.84000000,10.20000000,50,510,N/A,N/A,33062,38897,"NYSE","Basic Materials","Basic Materials/Agriculture","Common Stock",10.20000000,10.20000000
20181002,9.96000000,10.56000000,9.96000000,10.44000000,29,303,N/A,N/A,33840,38897,"NYSE","Basic Materials","Basic Materials/Agriculture","Common Stock",10.44000000,10.44000000
20181003,10.20000000,10.44000000,10.08000000,10.44000000,51,532,N/A,N/A,33840,38897,"NYSE","Basic Materials","Basic Materials/Agriculture","Common Stock",10.44000000,10.44000000
20181004,10.20000000,10.80000000,10.20000000,10.68000000,22,235,N/A,N/A,34618,38897,"NYSE","Basic Materials","Basic Materials/Agriculture","Common Stock",10.68000000,10.68000000
20181005,10.80000000,10.80000000,9.96000000,10.32000000,49,506,N/A,N/A,33451,38897,"NYSE","Basic Materials","Basic Materials/Agriculture","Common Stock",10.32000000,10.32000000
20181008,10.08000000,10.44000000,9.84000000,9.96000000,14,139,N/A,N/A,32284,38897,"NYSE","Basic Materials","Basic Materials/Agriculture","Common Stock",9.96000000,9.96000000
20181009,9.84000000,9.96000000,9.00000000,9.12000000,248,2262,N/A,N/A,29562,38897,"NYSE","Basic Materials","Basic Materials/Agriculture","Common Stock",9.12000000,9.12000000
20181010,9.00000000,9.12000000,8.76000000,9.00000000,56,504,N/A,N/A,29173,38897,"NYSE","Basic Materials","Basic Materials/Agriculture","Common Stock",9.00000000,9.00000000
20181011,9.36000000,9.36000000,5.40000000,6.00000000,798,4788,N/A,N/A,19448,38897,"NYSE","Basic Materials","Basic Materials/Agriculture","Common Stock",6.00000000,6.00000000
20181012,6.96000000,7.92000000,6.60000000,7.32000000,1108,8111,N/A,N/A,23727,38897,"NYSE","Basic Materials","Basic Materials/Agriculture","Common Stock",7.32000000,7.32000000
20181015,7.68000000,7.92000000,7.20000000,7.56000000,236,1784,N/A,N/A,24505,38897,"NYSE","Basic Materials","Basic Materials/Agriculture","Common Stock",7.56000000,7.56000000
20181016,7.80000000,7.80000000,6.96000000,7.32000000,301,2203,N/A,N/A,23727,38897,"NYSE","Basic Materials","Basic Materials/Agriculture","Common Stock",7.32000000,7.32000000
20181017,7.20000000,7.92000000,6.72000000,7.32000000,1224,8960,N/A,N/A,23727,38897,"NYSE","Basic Materials","Basic Materials/Agriculture","Common Stock",7.32000000,7.32000000
20181018,7.56000000,8.76000000,7.08000000,8.16000000,810,6610,N/A,N/A,26450,38897,"NYSE","Basic Materials","Basic Materials/Agriculture","Common Stock",8.16000000,8.16000000
20181019,8.16000000,9.24000000,7.56000000,9.12000000,808,7369,N/A,N/A,29562,38897,"NYSE","Basic Materials","Basic Materials/Agriculture","Common Stock",9.12000000,9.12000000
20181022,9.60000000,9.72000000,8.40000000,8.64000000,352,3041,N/A,N/A,28006,38897,"NYSE","Basic Materials","Basic Materials/Agriculture","Common Stock",8.64000000,8.64000000
20181023,9.00000000,9.00000000,7.32000000,8.28000000,226,1871,N/A,N/A,26839,38897,"NYSE","Basic Materials","Basic Materials/Agriculture","Common Stock",8.28000000,8.28000000
20181024,7.80000000,8.04000000,7.80000000,7.92000000,98,776,N/A,N/A,25672,38897,"NYSE","Basic Materials","Basic Materials/Agriculture","Common Stock",7.92000000,7.92000000
20181025,7.92000000,8.04000000,7.56000000,7.68000000,47,361,N/A,N/A,24894,38897,"NYSE","Basic Materials","Basic Materials/Agriculture","Common Stock",7.68000000,7.68000000
20181026,7.92000000,8.04000000,7.08000000,7.32000000,325,2379,N/A,N/A,23727,38897,"NYSE","Basic Materials","Basic Materials/Agriculture","Common Stock",7.32000000,7.32000000
20181029,7.08000000,8.04000000,7.08000000,7.56000000,107,809,N/A,N/A,24505,38897,"NYSE","Basic Materials","Basic Materials/Agriculture","Common Stock",7.56000000,7.56000000
20181030,7.80000000,7.80000000,7.08000000,7.20000000,75,540,N/A,N/A,23338,38897,"NYSE","Basic Materials","Basic Materials/Agriculture","Common Stock",7.20000000,7.20000000
20181031,7.20000000,7.68000000,7.20000000,7.44000000,52,387,N/A,N/A,24116,38897,"NYSE","Basic Materials","Basic Materials/Agriculture","Common Stock",7.44000000,7.44000000
20181101,7.68000000,7.92000000,7.44000000,7.68000000,25,192,N/A,N/A,24894,38897,"NYSE","Basic Materials","Basic Materials/Agriculture","Common Stock",7.68000000,7.68000000
20181102,7.80000000,8.28000000,7.20000000,7.56000000,110,832,N/A,N/A,24505,38897,"NYSE","Basic Materials","Basic Materials/Agriculture","Common Stock",7.56000000,7.56000000
20181105,7.80000000,7.92000000,7.56000000,7.68000000,49,376,N/A,N/A,24894,38897,"NYSE","Basic Materials","Basic Materials/Agriculture","Common Stock",7.68000000,7.68000000
20181106,7.68000000,8.16000000,7.32000000,7.92000000,63,499,N/A,N/A,25672,38897,"NYSE","Basic Materials","Basic Materials/Agriculture","Common Stock",7.92000000,7.92000000
20181107,7.68000000,8.04000000,7.32000000,7.68000000,29,223,N/A,N/A,24894,38897,"NYSE","Basic Materials","Basic Materials/Agriculture","Common Stock",7.68000000,7.68000000
20181108,7.32000000,7.68000000,6.96000000,7.20000000,254,1829,N/A,N/A,23338,38897,"NYSE","Basic Materials","Basic Materials/Agriculture","Common Stock",7.20000000,7.20000000
20181109,7.32000000,7.32000000,6.36000000,6.36000000,251,1596,N/A,N/A,20615,38897,"NYSE","Basic Materials","Basic Materials/Agriculture","Common Stock",6.36000000,6.36000000
20181112,6.36000000,6.60000000,6.36000000,6.36000000,36,229,N/A,N/A,20615,38897,"NYSE","Basic Materials","Basic Materials/Agriculture","Common Stock",6.36000000,6.36000000
20181113,6.36000000,6.96000000,6.36000000,6.48000000,28,181,N/A,N/A,21004,38897,"NYSE","Basic Materials","Basic Materials/Agriculture","Common Stock",6.48000000,6.48000000
20181114,6.36000000,6.84000000,6.36000000,6.36000000,36,229,N/A,N/A,20615,38897,"NYSE","Basic Materials","Basic Materials/Agriculture","Common Stock",6.36000000,6.36000000
20181115,6.60000000,6.96000000,6.60000000,6.96000000,115,800,N/A,N/A,22560,38897,"NYSE","Basic Materials","Basic Materials/Agriculture","Common Stock",6.96000000,6.96000000
20181116,6.96000000,7.92000000,6.60000000,6.84000000,206,1409,N/A,N/A,22171,38897,"NYSE","Basic Materials","Basic Materials/Agriculture","Common Stock",6.84000000,6.84000000
20181119,6.72000000,7.20000000,6.60000000,7.08000000,110,779,N/A,N/A,22949,38897,"NYSE","Basic Materials","Basic Materials/Agriculture","Common Stock",7.08000000,7.08000000
20181120,7.20000000,7.20000000,6.72000000,6.84000000,79,540,N/A,N/A,22171,38897,"NYSE","Basic Materials","Basic Materials/Agriculture","Common Stock",6.84000000,6.84000000
20181121,6.96000000,7.08000000,6.84000000,6.96000000,47,327,N/A,N/A,22560,38897,"NYSE","Basic Materials","Basic Materials/Agriculture","Common Stock",6.96000000,6.96000000
20181122,6.96000000,7.08000000,6.84000000,6.96000000,0,0,N/A,N/A,0,0,"NYSE","Basic Materials","Basic Materials/Agriculture","Common Stock",0.58000000,6.96000000
20181123,7.20000000,7.20000000,6.96000000,7.20000000,28,202,N/A,N/A,23338,38897,"NYSE","Basic Materials","Basic Materials/Agriculture","Common Stock",7.20000000,7.20000000
20181126,7.20000000,7.56000000,7.20000000,7.56000000,297,2245,N/A,N/A,24505,38897,"NYSE","Basic Materials","Basic Materials/Agriculture","Common Stock",7.56000000,7.56000000
20181127,7.80000000,7.80000000,7.32000000,7.44000000,101,751,N/A,N/A,24116,38897,"NYSE","Basic Materials","Basic Materials/Agriculture","Common Stock",7.44000000,7.44000000
20181128,7.56000000,7.80000000,7.44000000,7.68000000,94,722,N/A,N/A,24894,38897,"NYSE","Basic Materials","Basic Materials/Agriculture","Common Stock",7.68000000,7.68000000
20181129,7.44000000,8.28000000,7.20000000,7.80000000,173,1349,N/A,N/A,25283,38897,"NYSE","Basic Materials","Basic Materials/Agriculture","Common Stock",7.80000000,7.80000000
20181130,7.92000000,8.40000000,7.80000000,8.28000000,341,2823,N/A,N/A,26839,38897,"NYSE","Basic Materials","Basic Materials/Agriculture","Common Stock",8.28000000,8.28000000
20181203,8.40000000,9.00000000,8.40000000,8.64000000,220,1901,N/A,N/A,28006,38897,"NYSE","Basic Materials","Basic Materials/Agriculture","Common Stock",8.64000000,8.64000000
20181204,8.88000000,8.88000000,8.04000000,8.16000000,61,498,N/A,N/A,26450,38897,"NYSE","Basic Materials","Basic Materials/Agriculture","Common Stock",8.16000000,8.16000000
20181205,8.88000000,8.88000000,8.04000000,8.16000000,0,0,N/A,N/A,0,0,"NYSE","Basic Materials","Basic Materials/Agriculture","Common Stock",0.68000000,8.16000000
20181206,7.92000000,8.40000000,7.56000000,8.28000000,83,687,N/A,N/A,26839,38897,"NYSE","Basic Materials","Basic Materials/Agriculture","Common Stock",8.28000000,8.28000000
20181207,8.28000000,8.28000000,7.80000000,8.16000000,51,416,N/A,N/A,26450,38897,"NYSE","Basic Materials","Basic Materials/Agriculture","Common Stock",8.16000000,8.16000000
20181210,7.92000000,8.16000000,7.80000000,8.04000000,22,177,N/A,N/A,26061,38897,"NYSE","Basic Materials","Basic Materials/Agriculture","Common Stock",8.04000000,8.04000000
20181211,7.68000000,7.92000000,7.20000000,7.56000000,43,325,N/A,N/A,24505,38897,"NYSE","Basic Materials","Basic Materials/Agriculture","Common Stock",7.56000000,7.56000000
20181212,7.44000000,7.92000000,7.32000000,7.68000000,25,192,N/A,N/A,24894,38897,"NYSE","Basic Materials","Basic Materials/Agriculture","Common Stock",7.68000000,7.68000000
20181213,7.80000000,7.80000000,6.96000000,7.08000000,49,347,N/A,N/A,22949,38897,"NYSE","Basic Materials","Basic Materials/Agriculture","Common Stock",7.08000000,7.08000000
20181214,6.84000000,7.56000000,6.60000000,6.84000000,38,260,N/A,N/A,22171,38897,"NYSE","Basic Materials","Basic Materials/Agriculture","Common Stock",6.84000000,6.84000000
20181217,6.60000000,7.20000000,6.60000000,6.72000000,41,276,N/A,N/A,21782,38897,"NYSE","Basic Materials","Basic Materials/Agriculture","Common Stock",6.72000000,6.72000000
20181218,6.84000000,7.20000000,6.84000000,7.08000000,41,290,N/A,N/A,22949,38897,"NYSE","Basic Materials","Basic Materials/Agriculture","Common Stock",7.08000000,7.08000000
20181219,7.20000000,7.20000000,6.48000000,6.48000000,49,318,N/A,N/A,21004,38897,"NYSE","Basic Materials","Basic Materials/Agriculture","Common Stock",6.48000000,6.48000000
20181220,6.72000000,7.08000000,6.00000000,6.12000000,88,539,N/A,N/A,19837,38897,"NYSE","Basic Materials","Basic Materials/Agriculture","Common Stock",6.12000000,6.12000000
20181221,6.36000000,6.72000000,6.12000000,6.24000000,52,324,N/A,N/A,20226,38897,"NYSE","Basic Materials","Basic Materials/Agriculture","Common Stock",6.24000000,6.24000000
20181224,6.24000000,6.36000000,6.12000000,6.12000000,29,177,N/A,N/A,19837,38897,"NYSE","Basic Materials","Basic Materials/Agriculture","Common Stock",6.12000000,6.12000000
20181225,6.24000000,6.36000000,6.12000000,6.12000000,0,0,N/A,N/A,0,0,"NYSE","Basic Materials","Basic Materials/Agriculture","Common Stock",0.51000000,6.12000000
20181226,6.12000000,6.48000000,5.76000000,5.76000000,107,616,N/A,N/A,18671,38897,"NYSE","Basic Materials","Basic Materials/Agriculture","Common Stock",5.76000000,5.76000000
20181227,5.88000000,6.24000000,5.64000000,5.76000000,95,547,N/A,N/A,18671,38897,"NYSE","Basic Materials","Basic Materials/Agriculture","Common Stock",5.76000000,5.76000000
20181228,6.00000000,6.00000000,5.76000000,5.88000000,125,735,N/A,N/A,19060,38897,"NYSE","Basic Materials","Basic Materials/Agriculture","Common Stock",5.88000000,5.88000000
20181231,5.76000000,6.00000000,5.76000000,6.00000000,273,1638,N/A,N/A,19448,38897,"NYSE","Basic Materials","Basic Materials/Agriculture","Common Stock",6.00000000,6.00000000
20190101,5.76000000,6.00000000,5.76000000,6.00000000,0,0,N/A,N/A,0,0,"NYSE","Basic Materials","Basic Materials/Agriculture","Common Stock",0.50000000,6.00000000
20190102,6.00000000,6.36000000,5.76000000,6.36000000,95,604,N/A,N/A,20615,38897,"NYSE","Basic Materials","Basic Materials/Agriculture","Common Stock",6.36000000,6.36000000
20190103,6.36000000,6.36000000,6.24000000,6.24000000,19,119,N/A,N/A,20226,38897,"NYSE","Basic Materials","Basic Materials/Agriculture","Common Stock",6.24000000,6.24000000
20190104,6.00000000,6.48000000,5.88000000,5.88000000,91,535,N/A,N/A,19060,38897,"NYSE","Basic Materials","Basic Materials/Agriculture","Common Stock",5.88000000,5.88000000
20190107,6.12000000,6.60000000,6.00000000,6.60000000,63,416,N/A,N/A,21393,38897,"NYSE","Basic Materials","Basic Materials/Agriculture","Common Stock",6.60000000,6.60000000
20190108,6.48000000,6.72000000,6.48000000,6.60000000,42,277,N/A,N/A,21393,38897,"NYSE","Basic Materials","Basic Materials/Agriculture","Common Stock",6.60000000,6.60000000
20190109,6.60000000,7.08000000,6.48000000,6.84000000,44,301,N/A,N/A,22171,38897,"NYSE","Basic Materials","Basic Materials/Agriculture","Common Stock",6.84000000,6.84000000
20190110,6.72000000,6.72000000,6.24000000,6.72000000,36,242,N/A,N/A,21782,38897,"NYSE","Basic Materials","Basic Materials/Agriculture","Common Stock",6.72000000,6.72000000
20190111,6.36000000,6.60000000,6.24000000,6.60000000,27,178,N/A,N/A,21393,38897,"NYSE","Basic Materials","Basic Materials/Agriculture","Common Stock",6.60000000,6.60000000
20190114,6.12000000,6.60000000,6.12000000,6.48000000,34,220,N/A,N/A,21004,38897,"NYSE","Basic Materials","Basic Materials/Agriculture","Common Stock",6.48000000,6.48000000
20190115,6.12000000,6.60000000,6.12000000,6.24000000,118,736,N/A,N/A,20226,38897,"NYSE","Basic Materials","Basic Materials/Agriculture","Common Stock",6.24000000,6.24000000
20190116,6.36000000,6.36000000,6.12000000,6.24000000,38,237,N/A,N/A,20226,38897,"NYSE","Basic Materials","Basic Materials/Agriculture","Common Stock",6.24000000,6.24000000
20190117,6.24000000,6.60000000,6.12000000,6.36000000,116,738,N/A,N/A,20615,38897,"NYSE","Basic Materials","Basic Materials/Agriculture","Common Stock",6.36000000,6.36000000
20190118,6.48000000,6.60000000,6.48000000,6.60000000,32,211,N/A,N/A,21393,38897,"NYSE","Basic Materials","Basic Materials/Agriculture","Common Stock",6.60000000,6.60000000
20190121,6.48000000,6.60000000,6.48000000,6.60000000,0,0,N/A,N/A,0,0,"NYSE","Basic Materials","Basic Materials/Agriculture","Common Stock",0.55000000,6.60000000
20190122,6.72000000,6.72000000,6.48000000,6.72000000,68,457,N/A,N/A,21782,38897,"NYSE","Basic Materials","Basic Materials/Agriculture","Common Stock",6.72000000,6.72000000
20190123,6.72000000,7.20000000,6.72000000,6.96000000,137,954,N/A,N/A,22560,38897,"NYSE","Basic Materials","Basic Materials/Agriculture","Common Stock",6.96000000,6.96000000
20190124,7.20000000,7.32000000,7.08000000,7.20000000,60,432,N/A,N/A,23338,38897,"NYSE","Basic Materials","Basic Materials/Agriculture","Common Stock",7.20000000,7.20000000
20190125,7.32000000,7.56000000,7.20000000,7.20000000,133,958,N/A,N/A,23338,38897,"NYSE","Basic Materials","Basic Materials/Agriculture","Common Stock",7.20000000,7.20000000
20190128,7.32000000,7.32000000,7.20000000,7.32000000,30,220,N/A,N/A,23727,38897,"NYSE","Basic Materials","Basic Materials/Agriculture","Common Stock",7.32000000,7.32000000
20190129,7.32000000,7.56000000,7.20000000,7.20000000,112,806,N/A,N/A,23338,38897,"NYSE","Basic Materials","Basic Materials/Agriculture","Common Stock",7.20000000,7.20000000
20190130,7.56000000,7.56000000,7.20000000,7.44000000,36,268,N/A,N/A,24116,38897,"NYSE","Basic Materials","Basic Materials/Agriculture","Common Stock",7.44000000,7.44000000
20190131,7.56000000,7.56000000,7.32000000,7.44000000,132,982,N/A,N/A,24116,38897,"NYSE","Basic Materials","Basic Materials/Agriculture","Common Stock",7.44000000,7.44000000
20190201,7.32000000,7.56000000,7.20000000,7.44000000,164,1220,N/A,N/A,24116,38897,"NYSE","Basic Materials","Basic Materials/Agriculture","Common Stock",7.44000000,7.44000000
20190204,7.32000000,7.56000000,7.32000000,7.32000000,18,132,N/A,N/A,24124,39547,"NYSE","Basic Materials","Basic Materials/Agriculture","Common Stock",7.32000000,7.32000000
20190205,7.44000000,7.44000000,7.32000000,7.32000000,31,227,N/A,N/A,24124,39547,"NYSE","Basic Materials","Basic Materials/Agriculture","Common Stock",7.32000000,7.32000000
20190206,7.32000000,7.44000000,7.20000000,7.32000000,28,205,N/A,N/A,24124,39547,"NYSE","Basic Materials","Basic Materials/Agriculture","Common Stock",7.32000000,7.32000000
20190207,7.32000000,7.32000000,7.20000000,7.20000000,20,144,N/A,N/A,23728,39547,"NYSE","Basic Materials","Basic Materials/Agriculture","Common Stock",7.20000000,7.20000000
20190208,7.56000000,7.56000000,7.08000000,7.20000000,43,310,N/A,N/A,23728,39547,"NYSE","Basic Materials","Basic Materials/Agriculture","Common Stock",7.20000000,7.20000000
20190211,6.96000000,7.20000000,6.96000000,6.96000000,88,612,N/A,N/A,22937,39547,"NYSE","Basic Materials","Basic Materials/Agriculture","Common Stock",6.96000000,6.96000000
20190212,6.96000000,7.20000000,6.96000000,6.96000000,31,216,N/A,N/A,22937,39547,"NYSE","Basic Materials","Basic Materials/Agriculture","Common Stock",6.96000000,6.96000000
20190213,6.96000000,6.96000000,6.96000000,6.96000000,55,383,N/A,N/A,22937,39547,"NYSE","Basic Materials","Basic Materials/Agriculture","Common Stock",6.96000000,6.96000000
20190214,7.08000000,7.44000000,7.08000000,7.32000000,49,359,N/A,N/A,24124,39547,"NYSE","Basic Materials","Basic Materials/Agriculture","Common Stock",7.32000000,7.32000000
20190215,7.44000000,7.44000000,6.48000000,6.72000000,153,1028,N/A,N/A,22146,39547,"NYSE","Basic Materials","Basic Materials/Agriculture","Common Stock",6.72000000,6.72000000
20190218,7.44000000,7.44000000,6.48000000,6.72000000,0,0,N/A,N/A,0,0,"NYSE","Basic Materials","Basic Materials/Agriculture","Common Stock",0.56000000,6.72000000
20190219,6.48000000,6.96000000,6.24000000,6.48000000,182,1179,N/A,N/A,21355,39547,"NYSE","Basic Materials","Basic Materials/Agriculture","Common Stock",6.48000000,6.48000000
20190220,6.36000000,6.72000000,6.36000000,6.48000000,33,214,N/A,N/A,21355,39547,"NYSE","Basic Materials","Basic Materials/Agriculture","Common Stock",6.48000000,6.48000000
20190221,6.48000000,6.60000000,6.48000000,6.48000000,23,149,N/A,N/A,21355,39547,"NYSE","Basic Materials","Basic Materials/Agriculture","Common Stock",6.48000000,6.48000000
20190222,6.84000000,6.96000000,6.48000000,6.48000000,73,473,N/A,N/A,21355,39547,"NYSE","Basic Materials","Basic Materials/Agriculture","Common Stock",6.48000000,6.48000000
20190225,6.72000000,6.96000000,6.60000000,6.84000000,85,581,N/A,N/A,22542,39547,"NYSE","Basic Materials","Basic Materials/Agriculture","Common Stock",6.84000000,6.84000000
20190226,6.84000000,6.84000000,6.72000000,6.72000000,46,309,N/A,N/A,22146,39547,"NYSE","Basic Materials","Basic Materials/Agriculture","Common Stock",6.72000000,6.72000000
20190227,6.72000000,6.72000000,6.36000000,6.60000000,101,667,N/A,N/A,21751,39547,"NYSE","Basic Materials","Basic Materials/Agriculture","Common Stock",6.60000000,6.60000000
20190228,6.36000000,6.72000000,6.12000000,6.72000000,193,1297,N/A,N/A,22146,39547,"NYSE","Basic Materials","Basic Materials/Agriculture","Common Stock",6.72000000,6.72000000
20190301,6.60000000,6.60000000,6.24000000,6.24000000,91,568,N/A,N/A,20564,39547,"NYSE","Basic Materials","Basic Materials/Agriculture","Common Stock",6.24000000,6.24000000
20190304,6.24000000,6.72000000,6.24000000,6.48000000,70,454,N/A,N/A,21355,39547,"NYSE","Basic Materials","Basic Materials/Agriculture","Common Stock",6.48000000,6.48000000
20190305,6.48000000,7.56000000,6.36000000,6.96000000,794,5526,N/A,N/A,22937,39547,"NYSE","Basic Materials","Basic Materials/Agriculture","Common Stock",6.96000000,6.96000000
20190306,7.20000000,7.56000000,6.60000000,6.72000000,414,2782,N/A,N/A,22146,39547,"NYSE","Basic Materials","Basic Materials/Agriculture","Common Stock",6.72000000,6.72000000
20190307,6.84000000,7.08000000,6.48000000,6.84000000,77,527,N/A,N/A,22542,39547,"NYSE","Basic Materials","Basic Materials/Agriculture","Common Stock",6.84000000,6.84000000
20190308,6.96000000,6.96000000,6.48000000,6.72000000,91,612,N/A,N/A,22146,39547,"NYSE","Basic Materials","Basic Materials/Agriculture","Common Stock",6.72000000,6.72000000
20190311,6.60000000,7.08000000,6.60000000,6.60000000,31,205,N/A,N/A,21751,39547,"NYSE","Basic Materials","Basic Materials/Agriculture","Common Stock",6.60000000,6.60000000
20190312,6.84000000,6.96000000,6.24000000,6.72000000,38,255,N/A,N/A,22146,39547,"NYSE","Basic Materials","Basic Materials/Agriculture","Common Stock",6.72000000,6.72000000
20190313,6.84000000,6.84000000,6.60000000,6.60000000,79,521,N/A,N/A,21751,39547,"NYSE","Basic Materials","Basic Materials/Agriculture","Common Stock",6.60000000,6.60000000
20190314,6.60000000,6.60000000,6.36000000,6.48000000,169,1095,N/A,N/A,21355,39547,"NYSE","Basic Materials","Basic Materials/Agriculture","Common Stock",6.48000000,6.48000000
20190315,6.36000000,6.60000000,6.12000000,6.36000000,341,2169,N/A,N/A,20960,39547,"NYSE","Basic Materials","Basic Materials/Agriculture","Common Stock",6.36000000,6.36000000
20190318,6.48000000,6.48000000,6.12000000,6.24000000,99,618,N/A,N/A,20564,39547,"NYSE","Basic Materials","Basic Materials/Agriculture","Common Stock",6.24000000,6.24000000
20190319,6.12000000,6.48000000,6.12000000,6.36000000,80,509,N/A,N/A,20960,39547,"NYSE","Basic Materials","Basic Materials/Agriculture","Common Stock",6.36000000,6.36000000
20190320,6.36000000,6.48000000,6.24000000,6.48000000,198,1283,N/A,N/A,21355,39547,"NYSE","Basic Materials","Basic Materials/Agriculture","Common Stock",6.48000000,6.48000000
20190321,6.60000000,6.60000000,6.12000000,6.12000000,47,288,N/A,N/A,20169,39547,"NYSE","Basic Materials","Basic Materials/Agriculture","Common Stock",6.12000000,6.12000000
20190322,6.24000000,6.48000000,6.12000000,6.36000000,78,496,N/A,N/A,20960,39547,"NYSE","Basic Materials","Basic Materials/Agriculture","Common Stock",6.36000000,6.36000000
20190325,6.60000000,6.60000000,6.12000000,6.36000000,78,496,N/A,N/A,20960,39547,"NYSE","Basic Materials","Basic Materials/Agriculture","Common Stock",6.36000000,6.36000000
20190326,6.48000000,6.48000000,6.12000000,6.24000000,69,431,N/A,N/A,20564,39547,"NYSE","Basic Materials","Basic Materials/Agriculture","Common Stock",6.24000000,6.24000000
20190327,6.24000000,6.24000000,5.88000000,6.00000000,165,990,N/A,N/A,19773,39547,"NYSE","Basic Materials","Basic Materials/Agriculture","Common Stock",6.00000000,6.00000000
20190328,6.24000000,6.24000000,5.76000000,5.76000000,317,1826,N/A,N/A,18983,39547,"NYSE","Basic Materials","Basic Materials/Agriculture","Common Stock",5.76000000,5.76000000
20190329,5.76000000,6.00000000,5.76000000,5.88000000,50,294,N/A,N/A,19378,39547,"NYSE","Basic Materials","Basic Materials/Agriculture","Common Stock",5.88000000,5.88000000
20190401,6.12000000,6.12000000,5.88000000,6.00000000,30,180,N/A,N/A,19773,39547,"NYSE","Basic Materials","Basic Materials/Agriculture","Common Stock",6.00000000,6.00000000
20190402,6.00000000,6.12000000,6.00000000,6.12000000,31,190,N/A,N/A,20169,39547,"NYSE","Basic Materials","Basic Materials/Agriculture","Common Stock",6.12000000,6.12000000
20190403,6.24000000,6.24000000,6.00000000,6.12000000,44,269,N/A,N/A,20169,39547,"NYSE","Basic Materials","Basic Materials/Agriculture","Common Stock",6.12000000,6.12000000
20190404,6.24000000,6.72000000,6.12000000,6.24000000,254,1585,N/A,N/A,20564,39547,"NYSE","Basic Materials","Basic Materials/Agriculture","Common Stock",6.24000000,6.24000000
20190405,6.60000000,6.60000000,6.36000000,6.48000000,81,525,N/A,N/A,21355,39547,"NYSE","Basic Materials","Basic Materials/Agriculture","Common Stock",6.48000000,6.48000000
20190408,6.48000000,6.48000000,6.12000000,6.36000000,58,369,N/A,N/A,20960,39547,"NYSE","Basic Materials","Basic Materials/Agriculture","Common Stock",6.36000000,6.36000000
20190409,6.12000000,6.48000000,6.12000000,6.36000000,23,146,N/A,N/A,20960,39547,"NYSE","Basic Materials","Basic Materials/Agriculture","Common Stock",6.36000000,6.36000000
20190410,6.36000000,6.36000000,6.12000000,6.24000000,40,250,N/A,N/A,20564,39547,"NYSE","Basic Materials","Basic Materials/Agriculture","Common Stock",6.24000000,6.24000000
20190411,6.24000000,6.48000000,6.24000000,6.36000000,49,312,N/A,N/A,20960,39547,"NYSE","Basic Materials","Basic Materials/Agriculture","Common Stock",6.36000000,6.36000000
20190412,6.48000000,6.48000000,6.12000000,6.24000000,42,262,N/A,N/A,20564,39547,"NYSE","Basic Materials","Basic Materials/Agriculture","Common Stock",6.24000000,6.24000000
20190415,6.00000000,6.24000000,6.00000000,6.00000000,53,318,N/A,N/A,19773,39547,"NYSE","Basic Materials","Basic Materials/Agriculture","Common Stock",6.00000000,6.00000000
20190416,6.00000000,6.24000000,5.88000000,6.00000000,79,474,N/A,N/A,19773,39547,"NYSE","Basic Materials","Basic Materials/Agriculture","Common Stock",6.00000000,6.00000000
20190417,6.24000000,6.24000000,5.88000000,6.00000000,15,90,N/A,N/A,19773,39547,"NYSE","Basic Materials","Basic Materials/Agriculture","Common Stock",6.00000000,6.00000000
20190418,6.00000000,6.00000000,5.76000000,5.88000000,61,359,N/A,N/A,19378,39547,"NYSE","Basic Materials","Basic Materials/Agriculture","Common Stock",5.88000000,5.88000000
20190419,6.00000000,6.00000000,5.76000000,5.88000000,0,0,N/A,N/A,0,0,"NYSE","Basic Materials","Basic Materials/Agriculture","Common Stock",0.49000000,5.88000000
20190422,5.88000000,6.12000000,5.88000000,6.12000000,78,477,N/A,N/A,20169,39547,"NYSE","Basic Materials","Basic Materials/Agriculture","Common Stock",6.12000000,6.12000000
20190423,5.88000000,6.12000000,5.88000000,6.00000000,100,600,N/A,N/A,19773,39547,"NYSE","Basic Materials","Basic Materials/Agriculture","Common Stock",6.00000000,6.00000000
20190424,6.24000000,6.24000000,6.00000000,6.12000000,47,288,N/A,N/A,20169,39547,"NYSE","Basic Materials","Basic Materials/Agriculture","Common Stock",6.12000000,6.12000000
20190425,6.24000000,6.24000000,5.88000000,6.00000000,37,222,N/A,N/A,19773,39547,"NYSE","Basic Materials","Basic Materials/Agriculture","Common Stock",6.00000000,6.00000000
20190426,6.24000000,6.24000000,5.88000000,6.00000000,71,426,N/A,N/A,19773,39547,"NYSE","Basic Materials","Basic Materials/Agriculture","Common Stock",6.00000000,6.00000000
20190429,6.12000000,6.12000000,5.88000000,5.88000000,120,706,N/A,N/A,19378,39547,"NYSE","Basic Materials","Basic Materials/Agriculture","Common Stock",5.88000000,5.88000000
20190430,5.88000000,6.12000000,5.88000000,6.00000000,39,234,N/A,N/A,19773,39547,"NYSE","Basic Materials","Basic Materials/Agriculture","Common Stock",6.00000000,6.00000000
20190501,6.00000000,6.00000000,5.88000000,5.88000000,105,617,N/A,N/A,19378,39547,"NYSE","Basic Materials","Basic Materials/Agriculture","Common Stock",5.88000000,5.88000000
20190502,7.08000000,8.16000000,6.60000000,6.96000000,2918,20309,N/A,N/A,22937,39547,"NYSE","Basic Materials","Basic Materials/Agriculture","Common Stock",6.96000000,6.96000000
20190503,6.72000000,7.32000000,6.36000000,6.84000000,405,2770,N/A,N/A,22542,39547,"NYSE","Basic Materials","Basic Materials/Agriculture","Common Stock",6.84000000,6.84000000
20190506,6.36000000,6.60000000,6.36000000,6.48000000,123,797,N/A,N/A,21355,39547,"NYSE","Basic Materials","Basic Materials/Agriculture","Common Stock",6.48000000,6.48000000
20190507,6.36000000,6.72000000,6.12000000,6.36000000,88,560,N/A,N/A,20960,39547,"NYSE","Basic Materials","Basic Materials/Agriculture","Common Stock",6.36000000,6.36000000
20190508,6.24000000,6.48000000,6.24000000,6.36000000,75,477,N/A,N/A,20960,39547,"NYSE","Basic Materials","Basic Materials/Agriculture","Common Stock",6.36000000,6.36000000
20190509,6.36000000,6.48000000,6.24000000,6.24000000,96,599,N/A,N/A,20564,39547,"NYSE","Basic Materials","Basic Materials/Agriculture","Common Stock",6.24000000,6.24000000
20190510,6.36000000,6.36000000,6.00000000,6.12000000,72,441,N/A,N/A,24387,47817,"NYSE","Basic Materials","Basic Materials/Agriculture","Common Stock",6.12000000,6.12000000
20190513,6.12000000,6.12000000,6.00000000,6.12000000,50,306,N/A,N/A,24387,47817,"NYSE","Basic Materials","Basic Materials/Agriculture","Common Stock",6.12000000,6.12000000
20190514,6.00000000,6.24000000,6.00000000,6.12000000,23,141,N/A,N/A,24387,47817,"NYSE","Basic Materials","Basic Materials/Agriculture","Common Stock",6.12000000,6.12000000
20190515,6.24000000,6.48000000,6.00000000,6.24000000,23,144,N/A,N/A,24865,47817,"NYSE","Basic Materials","Basic Materials/Agriculture","Common Stock",6.24000000,6.24000000
20190516,6.12000000,6.48000000,6.12000000,6.24000000,91,568,N/A,N/A,24865,47817,"NYSE","Basic Materials","Basic Materials/Agriculture","Common Stock",6.24000000,6.24000000
20190517,6.12000000,6.36000000,6.12000000,6.24000000,100,624,N/A,N/A,24865,47817,"NYSE","Basic Materials","Basic Materials/Agriculture","Common Stock",6.24000000,6.24000000
20190520,6.12000000,6.24000000,6.12000000,6.12000000,10,61,N/A,N/A,24387,47817,"NYSE","Basic Materials","Basic Materials/Agriculture","Common Stock",6.12000000,6.12000000
20190521,6.12000000,6.12000000,6.12000000,6.12000000,19,116,N/A,N/A,24387,47817,"NYSE","Basic Materials","Basic Materials/Agriculture","Common Stock",6.12000000,6.12000000
20190522,6.12000000,6.24000000,6.12000000,6.12000000,13,80,N/A,N/A,24387,47817,"NYSE","Basic Materials","Basic Materials/Agriculture","Common Stock",6.12000000,6.12000000
20190523,6.12000000,6.12000000,6.00000000,6.00000000,47,282,N/A,N/A,23908,47817,"NYSE","Basic Materials","Basic Materials/Agriculture","Common Stock",6.00000000,6.00000000
20190524,6.00000000,6.24000000,6.00000000,6.24000000,5,31,N/A,N/A,24865,47817,"NYSE","Basic Materials","Basic Materials/Agriculture","Common Stock",6.24000000,6.24000000
20190527,6.00000000,6.24000000,6.00000000,6.24000000,0,0,N/A,N/A,0,0,"NYSE","Basic Materials","Basic Materials/Agriculture","Common Stock",0.52000000,6.24000000
20190528,6.12000000,6.24000000,5.88000000,6.00000000,19,114,N/A,N/A,23908,47817,"NYSE","Basic Materials","Basic Materials/Agriculture","Common Stock",6.00000000,6.00000000
20190529,6.00000000,6.00000000,5.88000000,5.88000000,40,235,N/A,N/A,23430,47817,"NYSE","Basic Materials","Basic Materials/Agriculture","Common Stock",5.88000000,5.88000000
20190530,6.00000000,6.24000000,5.88000000,6.12000000,23,141,N/A,N/A,24387,47817,"NYSE","Basic Materials","Basic Materials/Agriculture","Common Stock",6.12000000,6.12000000
20190531,6.24000000,6.24000000,6.00000000,6.12000000,8,49,N/A,N/A,24387,47817,"NYSE","Basic Materials","Basic Materials/Agriculture","Common Stock",6.12000000,6.12000000
20190603,6.12000000,6.12000000,6.00000000,6.00000000,14,84,N/A,N/A,23908,47817,"NYSE","Basic Materials","Basic Materials/Agriculture","Common Stock",6.00000000,6.00000000
20190604,5.88000000,6.12000000,5.88000000,6.00000000,12,72,N/A,N/A,23908,47817,"NYSE","Basic Materials","Basic Materials/Agriculture","Common Stock",6.00000000,6.00000000
20190605,6.00000000,6.12000000,6.00000000,6.12000000,3,18,N/A,N/A,24387,47817,"NYSE","Basic Materials","Basic Materials/Agriculture","Common Stock",6.12000000,6.12000000
20190606,6.12000000,6.12000000,6.00000000,6.12000000,11,67,N/A,N/A,24387,47817,"NYSE","Basic Materials","Basic Materials/Agriculture","Common Stock",6.12000000,6.12000000
20190607,6.12000000,6.12000000,6.00000000,6.00000000,17,102,N/A,N/A,23908,47817,"NYSE","Basic Materials","Basic Materials/Agriculture","Common Stock",6.00000000,6.00000000
20190610,6.00000000,6.00000000,5.88000000,6.00000000,64,384,N/A,N/A,23908,47817,"NYSE","Basic Materials","Basic Materials/Agriculture","Common Stock",6.00000000,6.00000000
20190611,5.88000000,6.12000000,5.88000000,6.12000000,101,618,N/A,N/A,24387,47817,"NYSE","Basic Materials","Basic Materials/Agriculture","Common Stock",6.12000000,6.12000000
20190612,6.12000000,6.12000000,5.88000000,6.00000000,5,30,N/A,N/A,23908,47817,"NYSE","Basic Materials","Basic Materials/Agriculture","Common Stock",6.00000000,6.00000000
20190613,6.24000000,6.24000000,5.88000000,6.00000000,16,96,N/A,N/A,23908,47817,"NYSE","Basic Materials","Basic Materials/Agriculture","Common Stock",6.00000000,6.00000000
20190614,6.12000000,6.12000000,6.00000000,6.00000000,8,48,N/A,N/A,23908,47817,"NYSE","Basic Materials","Basic Materials/Agriculture","Common Stock",6.00000000,6.00000000
20190617,6.00000000,6.00000000,5.88000000,6.00000000,33,198,N/A,N/A,23908,47817,"NYSE","Basic Materials","Basic Materials/Agriculture","Common Stock",6.00000000,6.00000000
20190618,6.00000000,6.72000000,6.00000000,6.24000000,235,1466,N/A,N/A,24865,47817,"NYSE","Basic Materials","Basic Materials/Agriculture","Common Stock",6.24000000,6.24000000
20190619,6.24000000,6.24000000,6.00000000,6.00000000,61,366,N/A,N/A,23908,47817,"NYSE","Basic Materials","Basic Materials/Agriculture","Common Stock",6.00000000,6.00000000
20190620,5.88000000,6.24000000,5.88000000,6.00000000,7,42,N/A,N/A,23908,47817,"NYSE","Basic Materials","Basic Materials/Agriculture","Common Stock",6.00000000,6.00000000
20190621,6.12000000,6.24000000,5.88000000,6.00000000,23,138,N/A,N/A,23908,47817,"NYSE","Basic Materials","Basic Materials/Agriculture","Common Stock",6.00000000,6.00000000
20190624,6.24000000,6.24000000,6.00000000,6.00000000,52,312,N/A,N/A,23908,47817,"NYSE","Basic Materials","Basic Materials/Agriculture","Common Stock",6.00000000,6.00000000
20190625,6.00000000,6.12000000,5.76000000,5.88000000,67,394,N/A,N/A,23430,47817,"NYSE","Basic Materials","Basic Materials/Agriculture","Common Stock",5.88000000,5.88000000
20190626,5.76000000,6.00000000,5.64000000,6.00000000,38,228,N/A,N/A,23908,47817,"NYSE","Basic Materials","Basic Materials/Agriculture","Common Stock",6.00000000,6.00000000
20190627,6.00000000,6.12000000,5.76000000,6.00000000,76,456,N/A,N/A,23908,47817,"NYSE","Basic Materials","Basic Materials/Agriculture","Common Stock",6.00000000,6.00000000
20190628,5.76000000,5.98000000,5.40000000,5.54000000,889,4925,N/A,N/A,22075,3985,"NYSE","Basic Materials","Basic Materials/Agriculture","Common Stock",5.54000000,5.54000000
20190701,5.65000000,6.34000000,5.56000000,5.74000000,441,2531,N/A,N/A,22872,3985,"NYSE","Basic Materials","Basic Materials/Agriculture","Common Stock",5.74000000,5.74000000
20190702,5.62000000,5.65000000,5.42000000,5.47000000,170,930,N/A,N/A,21797,3985,"NYSE","Basic Materials","Basic Materials/Agriculture","Common Stock",5.47000000,5.47000000
20190703,5.55000000,5.55000000,5.36000000,5.38000000,156,839,N/A,N/A,21438,3985,"NYSE","Basic Materials","Basic Materials/Agriculture","Common Stock",5.38000000,5.38000000
20190704,5.55000000,5.55000000,5.36000000,5.38000000,0,0,N/A,N/A,0,0,"NYSE","Basic Materials","Basic Materials/Agriculture","Common Stock",5.38000000,5.38000000
20190705,5.35000000,5.35000000,5.22000000,5.28000000,150,792,N/A,N/A,21039,3985,"NYSE","Basic Materials","Basic Materials/Agriculture","Common Stock",5.28000000,5.28000000
20190708,5.24000000,5.37000000,5.24000000,5.25000000,73,383,N/A,N/A,20920,3985,"NYSE","Basic Materials","Basic Materials/Agriculture","Common Stock",5.25000000,5.25000000
20190709,5.13000000,5.17000000,4.85000000,4.95000000,448,2218,N/A,N/A,19724,3985,"NYSE","Basic Materials","Basic Materials/Agriculture","Common Stock",4.95000000,4.95000000
20190710,4.96000000,4.96000000,4.60000000,4.60000000,295,1357,N/A,N/A,18330,3985,"NYSE","Basic Materials","Basic Materials/Agriculture","Common Stock",4.60000000,4.60000000
20190711,4.60000000,4.88000000,4.60000000,4.73000000,67,317,N/A,N/A,18848,3985,"NYSE","Basic Materials","Basic Materials/Agriculture","Common Stock",4.73000000,4.73000000
20190712,4.87000000,5.00000000,4.67000000,4.73000000,252,1192,N/A,N/A,18848,3985,"NYSE","Basic Materials","Basic Materials/Agriculture","Common Stock",4.73000000,4.73000000
20190715,4.77000000,4.92000000,4.73000000,4.87000000,69,336,N/A,N/A,19406,3985,"NYSE","Basic Materials","Basic Materials/Agriculture","Common Stock",4.87000000,4.87000000
20190716,4.93000000,4.93000000,4.81000000,4.85000000,18,87,N/A,N/A,19326,3985,"NYSE","Basic Materials","Basic Materials/Agriculture","Common Stock",4.85000000,4.85000000
20190717,4.90000000,4.92000000,4.81000000,4.86000000,29,141,N/A,N/A,19366,3985,"NYSE","Basic Materials","Basic Materials/Agriculture","Common Stock",4.86000000,4.86000000
20190718,4.81000000,4.81000000,4.61000000,4.67000000,166,775,N/A,N/A,18609,3985,"NYSE","Basic Materials","Basic Materials/Agriculture","Common Stock",4.67000000,4.67000000
20190719,4.65000000,4.65000000,4.63000000,4.63000000,10,46,N/A,N/A,18449,3985,"NYSE","Basic Materials","Basic Materials/Agriculture","Common Stock",4.63000000,4.63000000
20190722,4.66000000,4.66000000,4.56000000,4.56000000,96,438,N/A,N/A,18170,3985,"NYSE","Basic Materials","Basic Materials/Agriculture","Common Stock",4.56000000,4.56000000
20190723,4.62000000,4.66000000,4.32000000,4.43000000,178,789,N/A,N/A,17652,3985,"NYSE","Basic Materials","Basic Materials/Agriculture","Common Stock",4.43000000,4.43000000
20190724,4.39000000,4.48000000,4.35000000,4.36000000,71,310,N/A,N/A,17373,3985,"NYSE","Basic Materials","Basic Materials/Agriculture","Common Stock",4.36000000,4.36000000
20190725,4.34000000,4.44000000,4.32000000,4.34000000,38,165,N/A,N/A,17294,3985,"NYSE","Basic Materials","Basic Materials/Agriculture","Common Stock",4.34000000,4.34000000
20190726,4.30000000,4.43000000,4.30000000,4.43000000,29,128,N/A,N/A,17652,3985,"NYSE","Basic Materials","Basic Materials/Agriculture","Common Stock",4.43000000,4.43000000
20190729,4.32000000,4.32000000,4.13000000,4.19000000,131,549,N/A,N/A,16696,3985,"NYSE","Basic Materials","Basic Materials/Agriculture","Common Stock",4.19000000,4.19000000
20190730,4.08000000,4.18000000,4.08000000,4.16000000,49,204,N/A,N/A,16577,3985,"NYSE","Basic Materials","Basic Materials/Agriculture","Common Stock",4.16000000,4.16000000
20190731,4.19000000,4.24000000,4.17000000,4.24000000,15,64,N/A,N/A,16895,3985,"NYSE","Basic Materials","Basic Materials/Agriculture","Common Stock",4.24000000,4.24000000
20190801,4.21000000,4.38000000,4.21000000,4.28000000,67,287,N/A,N/A,17055,3985,"NYSE","Basic Materials","Basic Materials/Agriculture","Common Stock",4.28000000,4.28000000
20190802,4.31000000,4.31000000,4.18000000,4.23000000,24,102,N/A,N/A,16855,3985,"NYSE","Basic Materials","Basic Materials/Agriculture","Common Stock",4.23000000,4.23000000
20190805,4.22000000,4.22000000,4.10000000,4.10000000,56,230,N/A,N/A,16337,3985,"NYSE","Basic Materials","Basic Materials/Agriculture","Common Stock",4.10000000,4.10000000
20190806,4.15000000,4.15000000,3.85000000,3.92000000,92,361,N/A,N/A,15620,3985,"NYSE","Basic Materials","Basic Materials/Agriculture","Common Stock",3.92000000,3.92000000
20190807,3.95000000,3.99000000,3.95000000,3.96000000,18,71,N/A,N/A,15780,3985,"NYSE","Basic Materials","Basic Materials/Agriculture","Common Stock",3.96000000,3.96000000
20190808,3.91000000,3.91000000,3.25000000,3.66000000,254,930,N/A,N/A,14584,3985,"NYSE","Basic Materials","Basic Materials/Agriculture","Common Stock",3.66000000,3.66000000
20190809,3.66000000,3.76000000,3.66000000,3.73000000,76,283,N/A,N/A,14863,3985,"NYSE","Basic Materials","Basic Materials/Agriculture","Common Stock",3.73000000,3.73000000
20190812,3.55000000,3.71000000,3.42000000,3.55000000,37,131,N/A,N/A,14146,3985,"NYSE","Basic Materials","Basic Materials/Agriculture","Common Stock",3.55000000,3.55000000
20190813,3.50000000,3.94000000,3.35000000,3.65000000,809,2953,N/A,N/A,14544,3985,"NYSE","Basic Materials","Basic Materials/Agriculture","Common Stock",3.65000000,3.65000000
20190814,3.60000000,3.72000000,3.30000000,3.30000000,424,1399,N/A,N/A,13150,3985,"NYSE","Basic Materials","Basic Materials/Agriculture","Common Stock",3.30000000,3.30000000
20190815,3.36000000,3.48000000,3.25000000,3.47000000,173,600,N/A,N/A,13827,3985,"NYSE","Basic Materials","Basic Materials/Agriculture","Common Stock",3.47000000,3.47000000
20190816,3.46000000,3.70000000,3.25000000,3.54000000,56,198,N/A,N/A,14106,3985,"NYSE","Basic Materials","Basic Materials/Agriculture","Common Stock",3.54000000,3.54000000
20190819,5.21000000,5.21000000,3.25000000,4.23000000,4738,20042,N/A,N/A,16855,3985,"NYSE","Basic Materials","Basic Materials/Agriculture","Common Stock",4.23000000,4.23000000
20190820,4.17000000,4.34000000,3.97000000,4.15000000,262,1087,N/A,N/A,16537,3985,"NYSE","Basic Materials","Basic Materials/Agriculture","Common Stock",4.15000000,4.15000000
20190821,4.15000000,5.39000000,4.15000000,4.99000000,2053,10244,N/A,N/A,19884,3985,"NYSE","Basic Materials","Basic Materials/Agriculture","Common Stock",4.99000000,4.99000000
20190822,5.18000000,5.48000000,4.96000000,5.48000000,821,4499,N/A,N/A,21836,3985,"NYSE","Basic Materials","Basic Materials/Agriculture","Common Stock",5.48000000,5.48000000
20190823,5.69000000,6.65000000,5.52000000,5.77000000,3964,22872,N/A,N/A,22992,3985,"NYSE","Basic Materials","Basic Materials/Agriculture","Common Stock",5.77000000,5.77000000
20190826,5.80000000,5.80000000,5.05000000,5.25000000,738,3875,N/A,N/A,20920,3985,"NYSE","Basic Materials","Basic Materials/Agriculture","Common Stock",5.25000000,5.25000000
20190827,5.40000000,5.40000000,5.20000000,5.22000000,193,1007,N/A,N/A,20800,3985,"NYSE","Basic Materials","Basic Materials/Agriculture","Common Stock",5.22000000,5.22000000
20190828,5.17000000,5.17000000,4.91000000,5.14000000,177,910,N/A,N/A,20482,3985,"NYSE","Basic Materials","Basic Materials/Agriculture","Common Stock",5.14000000,5.14000000
20190829,5.12000000,5.17000000,4.95000000,4.95000000,184,911,N/A,N/A,19724,3985,"NYSE","Basic Materials","Basic Materials/Agriculture","Common Stock",4.95000000,4.95000000
20190830,4.99000000,5.10000000,4.95000000,4.99000000,158,788,N/A,N/A,19884,3985,"NYSE","Basic Materials","Basic Materials/Agriculture","Common Stock",4.99000000,4.99000000
20190902,4.99000000,5.10000000,4.95000000,4.99000000,0,0,N/A,N/A,0,0,"NYSE","Basic Materials","Basic Materials/Agriculture","Common Stock",4.99000000,4.99000000
20190903,4.90000000,4.90000000,4.75000000,4.77000000,207,987,N/A,N/A,19007,3985,"NYSE","Basic Materials","Basic Materials/Agriculture","Common Stock",4.77000000,4.77000000
20190904,4.80000000,4.80000000,4.42000000,4.70000000,93,437,N/A,N/A,18728,3985,"NYSE","Basic Materials","Basic Materials/Agriculture","Common Stock",4.70000000,4.70000000
20190905,4.70000000,4.98000000,4.70000000,4.98000000,64,319,N/A,N/A,19844,3985,"NYSE","Basic Materials","Basic Materials/Agriculture","Common Stock",4.98000000,4.98000000
20190906,4.95000000,4.95000000,4.81000000,4.90000000,102,500,N/A,N/A,19525,3985,"NYSE","Basic Materials","Basic Materials/Agriculture","Common Stock",4.90000000,4.90000000
20190909,4.87000000,4.91000000,4.87000000,4.91000000,16,79,N/A,N/A,19565,3985,"NYSE","Basic Materials","Basic Materials/Agriculture","Common Stock",4.91000000,4.91000000
20190910,4.87000000,5.17000000,4.87000000,5.11000000,332,1697,N/A,N/A,20362,3985,"NYSE","Basic Materials","Basic Materials/Agriculture","Common Stock",5.11000000,5.11000000
20190911,5.11000000,5.27000000,5.11000000,5.13000000,73,374,N/A,N/A,20442,3985,"NYSE","Basic Materials","Basic Materials/Agriculture","Common Stock",5.13000000,5.13000000
20190912,5.12000000,5.30000000,5.12000000,5.22000000,51,266,N/A,N/A,20800,3985,"NYSE","Basic Materials","Basic Materials/Agriculture","Common Stock",5.22000000,5.22000000
20190913,5.29000000,5.29000000,4.83000000,4.91000000,103,506,N/A,N/A,19565,3985,"NYSE","Basic Materials","Basic Materials/Agriculture","Common Stock",4.91000000,4.91000000
20190916,4.91000000,5.07000000,4.91000000,5.07000000,6,30,N/A,N/A,20203,3985,"NYSE","Basic Materials","Basic Materials/Agriculture","Common Stock",5.07000000,5.07000000
20190917,5.09000000,5.09000000,4.96000000,5.04000000,25,126,N/A,N/A,20083,3985,"NYSE","Basic Materials","Basic Materials/Agriculture","Common Stock",5.04000000,5.04000000
20190918,5.00000000,5.04000000,4.93000000,5.04000000,11,55,N/A,N/A,20083,3985,"NYSE","Basic Materials","Basic Materials/Agriculture","Common Stock",5.04000000,5.04000000
20190919,4.97000000,4.97000000,4.64000000,4.66000000,198,923,N/A,N/A,18569,3985,"NYSE","Basic Materials","Basic Materials/Agriculture","Common Stock",4.66000000,4.66000000
20190920,4.65000000,4.85000000,4.65000000,4.70000000,187,879,N/A,N/A,18728,3985,"NYSE","Basic Materials","Basic Materials/Agriculture","Common Stock",4.70000000,4.70000000
20190923,4.78000000,4.78000000,4.70000000,4.70000000,36,169,N/A,N/A,18728,3985,"NYSE","Basic Materials","Basic Materials/Agriculture","Common Stock",4.70000000,4.70000000
20190924,4.70000000,4.70000000,4.70000000,4.70000000,19,89,N/A,N/A,18728,3985,"NYSE","Basic Materials","Basic Materials/Agriculture","Common Stock",4.70000000,4.70000000
20190925,4.73000000,4.76000000,4.71000000,4.76000000,7,33,N/A,N/A,18967,3985,"NYSE","Basic Materials","Basic Materials/Agriculture","Common Stock",4.76000000,4.76000000
20190926,4.70000000,4.85000000,4.70000000,4.70000000,7,33,N/A,N/A,18728,3985,"NYSE","Basic Materials","Basic Materials/Agriculture","Common Stock",4.70000000,4.70000000
20190927,4.81000000,4.81000000,4.72000000,4.72000000,49,231,N/A,N/A,18808,3985,"NYSE","Basic Materials","Basic Materials/Agriculture","Common Stock",4.72000000,4.72000000
20190930,4.70000000,4.70000000,4.67000000,4.70000000,59,277,N/A,N/A,18728,3985,"NYSE","Basic Materials","Basic Materials/Agriculture","Common Stock",4.70000000,4.70000000
20191001,4.67000000,4.72000000,4.61000000,4.67000000,149,696,N/A,N/A,18609,3985,"NYSE","Basic Materials","Basic Materials/Agriculture","Common Stock",4.67000000,4.67000000
20191002,4.64000000,4.64000000,4.62000000,4.64000000,34,158,N/A,N/A,18489,3985,"NYSE","Basic Materials","Basic Materials/Agriculture","Common Stock",4.64000000,4.64000000
20191003,4.68000000,4.70000000,4.50000000,4.52000000,64,289,N/A,N/A,18011,3985,"NYSE","Basic Materials","Basic Materials/Agriculture","Common Stock",4.52000000,4.52000000
20191004,4.52000000,4.65000000,4.52000000,4.61000000,37,171,N/A,N/A,18370,3985,"NYSE","Basic Materials","Basic Materials/Agriculture","Common Stock",4.61000000,4.61000000
20191007,4.63000000,4.66000000,4.56000000,4.58000000,47,215,N/A,N/A,18250,3985,"NYSE","Basic Materials","Basic Materials/Agriculture","Common Stock",4.58000000,4.58000000
20191008,4.52000000,4.53000000,4.50000000,4.51000000,80,361,N/A,N/A,17971,3985,"NYSE","Basic Materials","Basic Materials/Agriculture","Common Stock",4.51000000,4.51000000
20191009,4.51000000,4.55000000,4.50000000,4.51000000,67,302,N/A,N/A,17971,3985,"NYSE","Basic Materials","Basic Materials/Agriculture","Common Stock",4.51000000,4.51000000
20191010,4.47000000,4.55000000,4.15000000,4.42000000,128,566,N/A,N/A,17613,3985,"NYSE","Basic Materials","Basic Materials/Agriculture","Common Stock",4.42000000,4.42000000
20191011,4.42000000,4.51000000,4.40000000,4.50000000,36,162,N/A,N/A,17931,3985,"NYSE","Basic Materials","Basic Materials/Agriculture","Common Stock",4.50000000,4.50000000
20191014,4.54000000,4.68000000,4.42000000,4.68000000,14,66,N/A,N/A,18649,3985,"NYSE","Basic Materials","Basic Materials/Agriculture","Common Stock",4.68000000,4.68000000
20191015,4.58000000,4.58000000,4.42000000,4.48000000,177,793,N/A,N/A,17852,3985,"NYSE","Basic Materials","Basic Materials/Agriculture","Common Stock",4.48000000,4.48000000
20191016,4.48000000,4.52000000,4.45000000,4.45000000,76,338,N/A,N/A,17732,3985,"NYSE","Basic Materials","Basic Materials/Agriculture","Common Stock",4.45000000,4.45000000
20191017,4.54000000,4.54000000,4.42000000,4.42000000,53,234,N/A,N/A,17613,3985,"NYSE","Basic Materials","Basic Materials/Agriculture","Common Stock",4.42000000,4.42000000
20191018,4.40000000,4.40000000,4.27000000,4.33000000,43,186,N/A,N/A,17254,3985,"NYSE","Basic Materials","Basic Materials/Agriculture","Common Stock",4.33000000,4.33000000
20191021,4.33000000,4.37000000,4.30000000,4.33000000,46,199,N/A,N/A,17254,3985,"NYSE","Basic Materials","Basic Materials/Agriculture","Common Stock",4.33000000,4.33000000
20191022,4.27000000,4.28000000,4.19000000,4.25000000,62,264,N/A,N/A,16935,3985,"NYSE","Basic Materials","Basic Materials/Agriculture","Common Stock",4.25000000,4.25000000
20191023,4.25000000,4.27000000,4.13000000,4.16000000,73,304,N/A,N/A,16577,3985,"NYSE","Basic Materials","Basic Materials/Agriculture","Common Stock",4.16000000,4.16000000
20191024,4.23000000,4.23000000,4.08000000,4.10000000,26,107,N/A,N/A,16337,3985,"NYSE","Basic Materials","Basic Materials/Agriculture","Common Stock",4.10000000,4.10000000
20191025,4.10000000,4.11000000,4.04000000,4.08000000,36,147,N/A,N/A,16258,3985,"NYSE","Basic Materials","Basic Materials/Agriculture","Common Stock",4.08000000,4.08000000
20191028,4.06000000,4.21000000,3.90000000,3.90000000,413,1611,N/A,N/A,15541,3985,"NYSE","Basic Materials","Basic Materials/Agriculture","Common Stock",3.90000000,3.90000000
20191029,3.90000000,3.94000000,3.75000000,3.86000000,40,154,N/A,N/A,15381,3985,"NYSE","Basic Materials","Basic Materials/Agriculture","Common Stock",3.86000000,3.86000000
20191030,3.88000000,3.89000000,3.76000000,3.78000000,57,215,N/A,N/A,15062,3985,"NYSE","Basic Materials","Basic Materials/Agriculture","Common Stock",3.78000000,3.78000000
20191031,3.84000000,3.84000000,3.71000000,3.72000000,55,205,N/A,N/A,14823,3985,"NYSE","Basic Materials","Basic Materials/Agriculture","Common Stock",3.72000000,3.72000000
20191101,3.74000000,3.80000000,3.70000000,3.70000000,61,226,N/A,N/A,14744,3985,"NYSE","Basic Materials","Basic Materials/Agriculture","Common Stock",3.70000000,3.70000000
20191104,3.77000000,3.77000000,3.68000000,3.74000000,93,348,N/A,N/A,14903,3985,"NYSE","Basic Materials","Basic Materials/Agriculture","Common Stock",3.74000000,3.74000000
20191105,3.78000000,3.85000000,3.67000000,3.84000000,129,495,N/A,N/A,15301,3985,"NYSE","Basic Materials","Basic Materials/Agriculture","Common Stock",3.84000000,3.84000000
20191106,3.82000000,3.88000000,3.73000000,3.78000000,66,249,N/A,N/A,15062,3985,"NYSE","Basic Materials","Basic Materials/Agriculture","Common Stock",3.78000000,3.78000000
20191107,3.77000000,3.91000000,3.77000000,3.81000000,66,251,N/A,N/A,15182,3985,"NYSE","Basic Materials","Basic Materials/Agriculture","Common Stock",3.81000000,3.81000000
20191108,3.83000000,3.83000000,3.71000000,3.80000000,103,391,N/A,N/A,15142,3985,"NYSE","Basic Materials","Basic Materials/Agriculture","Common Stock",3.80000000,3.80000000
20191111,3.75000000,3.77000000,3.75000000,3.76000000,18,68,N/A,N/A,14983,3985,"NYSE","Basic Materials","Basic Materials/Agriculture","Common Stock",3.76000000,3.76000000
20191112,3.75000000,3.75000000,3.75000000,3.75000000,5,19,N/A,N/A,14943,3985,"NYSE","Basic Materials","Basic Materials/Agriculture","Common Stock",3.75000000,3.75000000
20191113,3.75000000,3.85000000,3.74000000,3.82000000,174,665,N/A,N/A,15222,3985,"NYSE","Basic Materials","Basic Materials/Agriculture","Common Stock",3.82000000,3.82000000
20191114,3.84000000,3.90000000,3.70000000,3.70000000,197,729,N/A,N/A,14744,3985,"NYSE","Basic Materials","Basic Materials/Agriculture","Common Stock",3.70000000,3.70000000
20191115,3.72000000,3.75000000,3.60000000,3.60000000,147,529,N/A,N/A,14345,3985,"NYSE","Basic Materials","Basic Materials/Agriculture","Common Stock",3.60000000,3.60000000
20191118,3.70000000,3.70000000,3.51000000,3.51000000,97,340,N/A,N/A,13986,3985,"NYSE","Basic Materials","Basic Materials/Agriculture","Common Stock",3.51000000,3.51000000
20191119,3.53000000,3.53000000,3.42000000,3.44000000,53,182,N/A,N/A,13708,3985,"NYSE","Basic Materials","Basic Materials/Agriculture","Common Stock",3.44000000,3.44000000
20191120,3.38000000,3.38000000,3.19000000,3.23000000,123,397,N/A,N/A,12871,3985,"NYSE","Basic Materials","Basic Materials/Agriculture","Common Stock",3.23000000,3.23000000
20191121,3.15000000,3.24000000,3.00000000,3.09000000,180,556,N/A,N/A,12313,3985,"NYSE","Basic Materials","Basic Materials/Agriculture","Common Stock",3.09000000,3.09000000
20191122,3.02000000,3.38000000,3.02000000,3.33000000,377,1255,N/A,N/A,13269,3985,"NYSE","Basic Materials","Basic Materials/Agriculture","Common Stock",3.33000000,3.33000000
20191125,3.43000000,3.43000000,3.12000000,3.23000000,118,381,N/A,N/A,12871,3985,"NYSE","Basic Materials","Basic Materials/Agriculture","Common Stock",3.23000000,3.23000000
20191126,3.31000000,3.38000000,3.17000000,3.18000000,46,146,N/A,N/A,12671,3985,"NYSE","Basic Materials","Basic Materials/Agriculture","Common Stock",3.18000000,3.18000000
20191127,3.10000000,3.16000000,3.04000000,3.04000000,165,502,N/A,N/A,12114,3985,"NYSE","Basic Materials","Basic Materials/Agriculture","Common Stock",3.04000000,3.04000000
20191128,3.10000000,3.16000000,3.04000000,3.04000000,0,0,N/A,N/A,0,0,"NYSE","Basic Materials","Basic Materials/Agriculture","Common Stock",3.04000000,3.04000000
20191129,3.01000000,3.07000000,3.00000000,3.04000000,68,207,N/A,N/A,12114,3985,"NYSE","Basic Materials","Basic Materials/Agriculture","Common Stock",3.04000000,3.04000000
20191202,3.00000000,3.09000000,2.72000000,2.76000000,161,444,N/A,N/A,10998,3985,"NYSE","Basic Materials","Basic Materials/Agriculture","Common Stock",2.76000000,2.76000000
20191203,2.77000000,2.79000000,2.60000000,2.68000000,224,600,N/A,N/A,10679,3985,"NYSE","Basic Materials","Basic Materials/Agriculture","Common Stock",2.68000000,2.68000000
20191204,2.76000000,2.82000000,2.67000000,2.75000000,48,132,N/A,N/A,10958,3985,"NYSE","Basic Materials","Basic Materials/Agriculture","Common Stock",2.75000000,2.75000000
20191205,2.75000000,2.80000000,2.75000000,2.78000000,64,178,N/A,N/A,11078,3985,"NYSE","Basic Materials","Basic Materials/Agriculture","Common Stock",2.78000000,2.78000000
20191206,2.85000000,2.85000000,2.77000000,2.77000000,42,116,N/A,N/A,11038,3985,"NYSE","Basic Materials","Basic Materials/Agriculture","Common Stock",2.77000000,2.77000000
20191209,2.74000000,2.77000000,2.72000000,2.72000000,24,65,N/A,N/A,10839,3985,"NYSE","Basic Materials","Basic Materials/Agriculture","Common Stock",2.72000000,2.72000000
20191210,2.72000000,2.72000000,2.68000000,2.68000000,28,75,N/A,N/A,10679,3985,"NYSE","Basic Materials","Basic Materials/Agriculture","Common Stock",2.68000000,2.68000000
20191211,2.69000000,2.69000000,2.65000000,2.67000000,84,224,N/A,N/A,10639,3985,"NYSE","Basic Materials","Basic Materials/Agriculture","Common Stock",2.67000000,2.67000000
20191212,2.64000000,2.97000000,2.64000000,2.79000000,830,2316,N/A,N/A,11117,3985,"NYSE","Basic Materials","Basic Materials/Agriculture","Common Stock",2.79000000,2.79000000
20191213,2.90000000,3.16000000,2.76000000,2.88000000,729,2100,N/A,N/A,11476,3985,"NYSE","Basic Materials","Basic Materials/Agriculture","Common Stock",2.88000000,2.88000000
20191216,2.88000000,2.89000000,2.72000000,2.77000000,182,504,N/A,N/A,11038,3985,"NYSE","Basic Materials","Basic Materials/Agriculture","Common Stock",2.77000000,2.77000000
20191217,2.71000000,2.75000000,2.70000000,2.70000000,198,535,N/A,N/A,10759,3985,"NYSE","Basic Materials","Basic Materials/Agriculture","Common Stock",2.70000000,2.70000000
20191218,2.69000000,2.71000000,2.65000000,2.69000000,49,132,N/A,N/A,10719,3985,"NYSE","Basic Materials","Basic Materials/Agriculture","Common Stock",2.69000000,2.69000000
20191219,2.65000000,2.66000000,2.57000000,2.60000000,140,364,N/A,N/A,10360,3985,"NYSE","Basic Materials","Basic Materials/Agriculture","Common Stock",2.60000000,2.60000000
20191220,2.55000000,2.60000000,2.53000000,2.56000000,176,451,N/A,N/A,10201,3985,"NYSE","Basic Materials","Basic Materials/Agriculture","Common Stock",2.56000000,2.56000000
20191223,2.50000000,2.56000000,2.50000000,2.53000000,132,334,N/A,N/A,10081,3985,"NYSE","Basic Materials","Basic Materials/Agriculture","Common Stock",2.53000000,2.53000000
20191224,2.56000000,2.56000000,2.50000000,2.53000000,150,379,N/A,N/A,10081,3985,"NYSE","Basic Materials","Basic Materials/Agriculture","Common Stock",2.53000000,2.53000000
20191225,2.56000000,2.56000000,2.50000000,2.53000000,0,0,N/A,N/A,0,0,"NYSE","Basic Materials","Basic Materials/Agriculture","Common Stock",2.53000000,2.53000000
20191226,2.54000000,3.04000000,2.54000000,2.80000000,864,2419,N/A,N/A,11157,3985,"NYSE","Basic Materials","Basic Materials/Agriculture","Common Stock",2.80000000,2.80000000
20191227,2.85000000,3.03000000,2.71000000,2.86000000,845,2417,N/A,N/A,11396,3985,"NYSE","Basic Materials","Basic Materials/Agriculture","Common Stock",2.86000000,2.86000000
20191230,2.85000000,2.92000000,2.75000000,2.82000000,707,1994,N/A,N/A,11237,3985,"NYSE","Basic Materials","Basic Materials/Agriculture","Common Stock",2.82000000,2.82000000
20191231,2.80000000,2.90000000,2.77000000,2.81000000,250,703,N/A,N/A,11197,3985,"NYSE","Basic Materials","Basic Materials/Agriculture","Common Stock",2.81000000,2.81000000
20200101,2.80000000,2.90000000,2.77000000,2.81000000,0,0,N/A,N/A,0,0,"NYSE","Basic Materials","Basic Materials/Agriculture","Common Stock",2.81000000,2.81000000
20200102,2.91000000,3.25000000,2.82000000,3.14000000,1415,4443,N/A,N/A,12512,3985,"NYSE","Basic Materials","Basic Materials/Agriculture","Common Stock",3.14000000,3.14000000
20200103,3.20000000,3.60000000,2.98000000,3.28000000,683,2240,N/A,N/A,13070,3985,"NYSE","Basic Materials","Basic Materials/Agriculture","Common Stock",3.28000000,3.28000000
20200106,3.32000000,3.32000000,3.00000000,3.02000000,223,673,N/A,N/A,12034,3985,"NYSE","Basic Materials","Basic Materials/Agriculture","Common Stock",3.02000000,3.02000000
20200107,3.13000000,3.13000000,2.88000000,2.88000000,351,1011,N/A,N/A,11476,3985,"NYSE","Basic Materials","Basic Materials/Agriculture","Common Stock",2.88000000,2.88000000
20200108,2.96000000,2.96000000,2.82000000,2.83000000,130,368,N/A,N/A,11277,3985,"NYSE","Basic Materials","Basic Materials/Agriculture","Common Stock",2.83000000,2.83000000
20200109,2.82000000,3.26000000,2.82000000,3.13000000,708,2216,N/A,N/A,12472,3985,"NYSE","Basic Materials","Basic Materials/Agriculture","Common Stock",3.13000000,3.13000000
20200110,3.20000000,3.91000000,3.15000000,3.85000000,3207,12347,N/A,N/A,15341,3985,"NYSE","Basic Materials","Basic Materials/Agriculture","Common Stock",3.85000000,3.85000000
20200113,4.00000000,4.13000000,3.55000000,3.74000000,1261,4716,N/A,N/A,14903,3985,"NYSE","Basic Materials","Basic Materials/Agriculture","Common Stock",3.74000000,3.74000000
20200114,3.63000000,3.94000000,3.48000000,3.70000000,1157,4281,N/A,N/A,14744,3985,"NYSE","Basic Materials","Basic Materials/Agriculture","Common Stock",3.70000000,3.70000000
20200115,3.70000000,4.02000000,3.70000000,4.01000000,589,2362,N/A,N/A,15979,3985,"NYSE","Basic Materials","Basic Materials/Agriculture","Common Stock",4.01000000,4.01000000
20200116,4.01000000,4.01000000,3.79000000,3.80000000,329,1250,N/A,N/A,15142,3985,"NYSE","Basic Materials","Basic Materials/Agriculture","Common Stock",3.80000000,3.80000000
20200117,3.85000000,3.88000000,3.75000000,3.78000000,229,866,N/A,N/A,15062,3985,"NYSE","Basic Materials","Basic Materials/Agriculture","Common Stock",3.78000000,3.78000000
20200120,3.85000000,3.88000000,3.75000000,3.78000000,0,0,N/A,N/A,0,0,"NYSE","Basic Materials","Basic Materials/Agriculture","Common Stock",3.78000000,3.78000000
20200121,3.75000000,3.76000000,3.50000000,3.50000000,321,1124,N/A,N/A,13947,3985,"NYSE","Basic Materials","Basic Materials/Agriculture","Common Stock",3.50000000,3.50000000
20200122,3.53000000,3.53000000,3.49000000,3.51000000,132,463,N/A,N/A,13986,3985,"NYSE","Basic Materials","Basic Materials/Agriculture","Common Stock",3.51000000,3.51000000
20200123,3.51000000,4.00000000,3.41000000,3.53000000,1201,4240,N/A,N/A,14066,3985,"NYSE","Basic Materials","Basic Materials/Agriculture","Common Stock",3.53000000,3.53000000
20200124,3.51000000,3.65000000,3.22000000,3.33000000,308,1026,N/A,N/A,13269,3985,"NYSE","Basic Materials","Basic Materials/Agriculture","Common Stock",3.33000000,3.33000000
20200127,3.30000000,3.34000000,3.11000000,3.33000000,233,776,N/A,N/A,13269,3985,"NYSE","Basic Materials","Basic Materials/Agriculture","Common Stock",3.33000000,3.33000000
20200128,3.24000000,3.36000000,3.24000000,3.35000000,44,147,N/A,N/A,13349,3985,"NYSE","Basic Materials","Basic Materials/Agriculture","Common Stock",3.35000000,3.35000000
20200129,3.40000000,3.40000000,3.11000000,3.13000000,260,814,N/A,N/A,12472,3985,"NYSE","Basic Materials","Basic Materials/Agriculture","Common Stock",3.13000000,3.13000000
20200130,3.03000000,3.29000000,3.00000000,3.20000000,550,1760,N/A,N/A,12751,3985,"NYSE","Basic Materials","Basic Materials/Agriculture","Common Stock",3.20000000,3.20000000
20200131,3.20000000,3.22000000,3.05000000,3.08000000,215,662,N/A,N/A,12273,3985,"NYSE","Basic Materials","Basic Materials/Agriculture","Common Stock",3.08000000,3.08000000
20200203,3.20000000,3.46000000,3.00000000,3.03000000,387,1173,N/A,N/A,12074,3985,"NYSE","Basic Materials","Basic Materials/Agriculture","Common Stock",3.03000000,3.03000000
20200204,3.03000000,3.28000000,2.98000000,3.17000000,464,1471,N/A,N/A,12632,3985,"NYSE","Basic Materials","Basic Materials/Agriculture","Common Stock",3.17000000,3.17000000
20200205,3.17000000,3.17000000,3.02000000,3.11000000,159,494,N/A,N/A,12393,3985,"NYSE","Basic Materials","Basic Materials/Agriculture","Common Stock",3.11000000,3.11000000
20200206,3.19000000,3.24000000,2.99000000,3.15000000,343,1080,N/A,N/A,12552,3985,"NYSE","Basic Materials","Basic Materials/Agriculture","Common Stock",3.15000000,3.15000000
20200207,3.15000000,3.15000000,2.90000000,3.01000000,155,467,N/A,N/A,11994,3985,"NYSE","Basic Materials","Basic Materials/Agriculture","Common Stock",3.01000000,3.01000000
20200210,3.00000000,3.34000000,2.82000000,3.16000000,710,2244,N/A,N/A,12592,3985,"NYSE","Basic Materials","Basic Materials/Agriculture","Common Stock",3.16000000,3.16000000
20200211,3.20000000,3.20000000,3.05000000,3.06000000,123,376,N/A,N/A,12193,3985,"NYSE","Basic Materials","Basic Materials/Agriculture","Common Stock",3.06000000,3.06000000
20200212,3.00000000,3.08000000,2.88000000,3.02000000,119,359,N/A,N/A,12034,3985,"NYSE","Basic Materials","Basic Materials/Agriculture","Common Stock",3.02000000,3.02000000
20200213,2.90000000,3.02000000,2.90000000,2.97000000,101,300,N/A,N/A,11835,3985,"NYSE","Basic Materials","Basic Materials/Agriculture","Common Stock",2.97000000,2.97000000
20200214,2.92000000,3.00000000,2.92000000,2.92000000,129,377,N/A,N/A,18542,6350,"NYSE","Basic Materials","Basic Materials/Agriculture","Common Stock",2.92000000,2.92000000
20200217,2.92000000,3.00000000,2.92000000,2.92000000,0,0,N/A,N/A,0,0,"NYSE","Basic Materials","Basic Materials/Agriculture","Common Stock",2.92000000,2.92000000
20200218,2.88000000,3.01000000,2.77000000,2.86000000,456,1304,N/A,N/A,18161,6350,"NYSE","Basic Materials","Basic Materials/Agriculture","Common Stock",2.86000000,2.86000000
20200219,2.85000000,2.91000000,2.81000000,2.85000000,203,579,N/A,N/A,18098,6350,"NYSE","Basic Materials","Basic Materials/Agriculture","Common Stock",2.85000000,2.85000000
20200220,2.91000000,2.94000000,2.83000000,2.83000000,146,413,N/A,N/A,17971,6350,"NYSE","Basic Materials","Basic Materials/Agriculture","Common Stock",2.83000000,2.83000000
20200221,2.81000000,2.89000000,2.79000000,2.82000000,115,324,N/A,N/A,17907,6350,"NYSE","Basic Materials","Basic Materials/Agriculture","Common Stock",2.82000000,2.82000000
20200224,2.77000000,2.85000000,2.75000000,2.77000000,200,554,N/A,N/A,17590,6350,"NYSE","Basic Materials","Basic Materials/Agriculture","Common Stock",2.77000000,2.77000000
20200225,2.75000000,2.77000000,2.36000000,2.38000000,331,788,N/A,N/A,15113,6350,"NYSE","Basic Materials","Basic Materials/Agriculture","Common Stock",2.38000000,2.38000000
20200226,2.37000000,2.52000000,2.37000000,2.44000000,209,510,N/A,N/A,15494,6350,"NYSE","Basic Materials","Basic Materials/Agriculture","Common Stock",2.44000000,2.44000000
20200227,2.36000000,2.44000000,2.26000000,2.39000000,243,581,N/A,N/A,15177,6350,"NYSE","Basic Materials","Basic Materials/Agriculture","Common Stock",2.39000000,2.39000000
20200228,2.44000000,2.44000000,2.21000000,2.23000000,182,406,N/A,N/A,14161,6350,"NYSE","Basic Materials","Basic Materials/Agriculture","Common Stock",2.23000000,2.23000000
20200302,2.24000000,2.32000000,2.22000000,2.29000000,89,204,N/A,N/A,14542,6350,"NYSE","Basic Materials","Basic Materials/Agriculture","Common Stock",2.29000000,2.29000000
20200303,2.30000000,2.49000000,2.13000000,2.14000000,1061,2271,N/A,N/A,13589,6350,"NYSE","Basic Materials","Basic Materials/Agriculture","Common Stock",2.14000000,2.14000000
20200304,2.10000000,2.28000000,2.10000000,2.28000000,156,356,N/A,N/A,14478,6350,"NYSE","Basic Materials","Basic Materials/Agriculture","Common Stock",2.28000000,2.28000000
20200305,2.28000000,2.38000000,2.20000000,2.22000000,264,586,N/A,N/A,14097,6350,"NYSE","Basic Materials","Basic Materials/Agriculture","Common Stock",2.22000000,2.22000000
20200306,2.17000000,2.24000000,2.12000000,2.15000000,150,322,N/A,N/A,13653,6350,"NYSE","Basic Materials","Basic Materials/Agriculture","Common Stock",2.15000000,2.15000000
20200309,2.12000000,2.15000000,1.82000000,1.84000000,311,572,N/A,N/A,11684,6350,"NYSE","Basic Materials","Basic Materials/Agriculture","Common Stock",1.84000000,1.84000000
20200310,1.93000000,2.18000000,1.80000000,2.03000000,718,1458,N/A,N/A,12891,6350,"NYSE","Basic Materials","Basic Materials/Agriculture","Common Stock",2.03000000,2.03000000
20200311,2.03000000,2.05000000,1.90000000,2.05000000,510,1045,N/A,N/A,13018,6350,"NYSE","Basic Materials","Basic Materials/Agriculture","Common Stock",2.05000000,2.05000000
20200312,1.91000000,2.04000000,1.86000000,1.99000000,392,780,N/A,N/A,12637,6350,"NYSE","Basic Materials","Basic Materials/Agriculture","Common Stock",1.99000000,1.99000000
20200313,2.05000000,2.15000000,1.88000000,2.15000000,372,800,N/A,N/A,13653,6350,"NYSE","Basic Materials","Basic Materials/Agriculture","Common Stock",2.15000000,2.15000000
20200316,2.10000000,2.54000000,2.00000000,2.48000000,655,1624,N/A,N/A,15748,6350,"NYSE","Basic Materials","Basic Materials/Agriculture","Common Stock",2.48000000,2.48000000
20200317,2.51000000,2.98000000,2.50000000,2.98000000,623,1857,N/A,N/A,18923,6350,"NYSE","Basic Materials","Basic Materials/Agriculture","Common Stock",2.98000000,2.98000000
20200318,3.00000000,3.05000000,2.60000000,2.90000000,1283,3721,N/A,N/A,18415,6350,"NYSE","Basic Materials","Basic Materials/Agriculture","Common Stock",2.90000000,2.90000000
20200319,2.80000000,2.91000000,2.52000000,2.74000000,308,844,N/A,N/A,17399,6350,"NYSE","Basic Materials","Basic Materials/Agriculture","Common Stock",2.74000000,2.74000000
20200320,2.78000000,2.81000000,2.61000000,2.79000000,237,661,N/A,N/A,17717,6350,"NYSE","Basic Materials","Basic Materials/Agriculture","Common Stock",2.79000000,2.79000000
20200323,3.06000000,3.06000000,2.56000000,2.65000000,585,1550,N/A,N/A,16828,6350,"NYSE","Basic Materials","Basic Materials/Agriculture","Common Stock",2.65000000,2.65000000
20200324,2.56000000,2.72000000,2.56000000,2.72000000,188,511,N/A,N/A,17272,6350,"NYSE","Basic Materials","Basic Materials/Agriculture","Common Stock",2.72000000,2.72000000
20200325,2.60000000,2.74000000,2.60000000,2.70000000,94,254,N/A,N/A,17145,6350,"NYSE","Basic Materials","Basic Materials/Agriculture","Common Stock",2.70000000,2.70000000
20200326,2.73000000,2.73000000,2.60000000,2.60000000,69,179,N/A,N/A,16510,6350,"NYSE","Basic Materials","Basic Materials/Agriculture","Common Stock",2.60000000,2.60000000
20200327,2.60000000,2.67000000,2.54000000,2.58000000,47,121,N/A,N/A,16383,6350,"NYSE","Basic Materials","Basic Materials/Agriculture","Common Stock",2.58000000,2.58000000
20200330,2.70000000,2.70000000,2.45000000,2.63000000,158,416,N/A,N/A,16701,6350,"NYSE","Basic Materials","Basic Materials/Agriculture","Common Stock",2.63000000,2.63000000
20200331,2.57000000,2.78000000,2.57000000,2.60000000,166,432,N/A,N/A,16510,6350,"NYSE","Basic Materials","Basic Materials/Agriculture","Common Stock",2.60000000,2.60000000
20200401,2.55000000,2.58000000,2.45000000,2.51000000,102,256,N/A,N/A,15939,6350,"NYSE","Basic Materials","Basic Materials/Agriculture","Common Stock",2.51000000,2.51000000
20200402,2.46000000,2.64000000,2.42000000,2.51000000,159,399,N/A,N/A,15939,6350,"NYSE","Basic Materials","Basic Materials/Agriculture","Common Stock",2.51000000,2.51000000
20200403,2.44000000,2.50000000,2.43000000,2.46000000,30,74,N/A,N/A,15621,6350,"NYSE","Basic Materials","Basic Materials/Agriculture","Common Stock",2.46000000,2.46000000
20200406,2.44000000,2.58000000,2.44000000,2.44000000,38,93,N/A,N/A,15494,6350,"NYSE","Basic Materials","Basic Materials/Agriculture","Common Stock",2.44000000,2.44000000
20200407,2.45000000,2.57000000,2.45000000,2.50000000,30,75,N/A,N/A,15875,6350,"NYSE","Basic Materials","Basic Materials/Agriculture","Common Stock",2.50000000,2.50000000
20200408,2.46000000,2.56000000,2.45000000,2.45000000,50,123,N/A,N/A,15558,6350,"NYSE","Basic Materials","Basic Materials/Agriculture","Common Stock",2.45000000,2.45000000
20200409,2.57000000,2.57000000,2.46000000,2.50000000,51,128,N/A,N/A,15875,6350,"NYSE","Basic Materials","Basic Materials/Agriculture","Common Stock",2.50000000,2.50000000
20200410,2.57000000,2.57000000,2.46000000,2.50000000,0,0,N/A,N/A,0,0,"NYSE","Basic Materials","Basic Materials/Agriculture","Common Stock",2.50000000,2.50000000
20200413,2.55000000,2.58000000,2.52000000,2.52000000,36,91,N/A,N/A,16002,6350,"NYSE","Basic Materials","Basic Materials/Agriculture","Common Stock",2.52000000,2.52000000
20200414,2.60000000,2.60000000,2.42000000,2.45000000,247,605,N/A,N/A,15558,6350,"NYSE","Basic Materials","Basic Materials/Agriculture","Common Stock",2.45000000,2.45000000
20200415,2.40000000,2.48000000,2.40000000,2.48000000,7,17,N/A,N/A,15748,6350,"NYSE","Basic Materials","Basic Materials/Agriculture","Common Stock",2.48000000,2.48000000
20200416,2.52000000,2.55000000,2.48000000,2.55000000,15,38,N/A,N/A,16193,6350,"NYSE","Basic Materials","Basic Materials/Agriculture","Common Stock",2.55000000,2.55000000
20200417,2.52000000,2.59000000,2.52000000,2.55000000,73,186,N/A,N/A,16193,6350,"NYSE","Basic Materials","Basic Materials/Agriculture","Common Stock",2.55000000,2.55000000
20200420,2.50000000,2.53000000,2.50000000,2.51000000,37,93,N/A,N/A,15939,6350,"NYSE","Basic Materials","Basic Materials/Agriculture","Common Stock",2.51000000,2.51000000
20200421,2.50000000,2.50000000,2.33000000,2.41000000,129,311,N/A,N/A,15304,6350,"NYSE","Basic Materials","Basic Materials/Agriculture","Common Stock",2.41000000,2.41000000
20200422,2.37000000,2.46000000,2.37000000,2.44000000,11,27,N/A,N/A,15494,6350,"NYSE","Basic Materials","Basic Materials/Agriculture","Common Stock",2.44000000,2.44000000
20200423,2.48000000,2.49000000,2.46000000,2.46000000,62,153,N/A,N/A,15621,6350,"NYSE","Basic Materials","Basic Materials/Agriculture","Common Stock",2.46000000,2.46000000
20200424,2.50000000,2.50000000,2.40000000,2.43000000,30,73,N/A,N/A,15431,6350,"NYSE","Basic Materials","Basic Materials/Agriculture","Common Stock",2.43000000,2.43000000
20200427,2.43000000,2.58000000,2.43000000,2.56000000,46,118,N/A,N/A,16256,6350,"NYSE","Basic Materials","Basic Materials/Agriculture","Common Stock",2.56000000,2.56000000
20200428,2.58000000,2.78000000,2.49000000,2.62000000,350,917,N/A,N/A,16637,6350,"NYSE","Basic Materials","Basic Materials/Agriculture","Common Stock",2.62000000,2.62000000
20200429,2.58000000,2.76000000,2.53000000,2.74000000,307,841,N/A,N/A,17399,6350,"NYSE","Basic Materials","Basic Materials/Agriculture","Common Stock",2.74000000,2.74000000
20200430,2.75000000,2.75000000,2.61000000,2.64000000,170,449,N/A,N/A,16764,6350,"NYSE","Basic Materials","Basic Materials/Agriculture","Common Stock",2.64000000,2.64000000
20200501,2.63000000,2.74000000,2.57000000,2.66000000,71,189,N/A,N/A,16891,6350,"NYSE","Basic Materials","Basic Materials/Agriculture","Common Stock",2.66000000,2.66000000
20200504,2.50000000,2.58000000,2.50000000,2.58000000,9,23,N/A,N/A,16383,6350,"NYSE","Basic Materials","Basic Materials/Agriculture","Common Stock",2.58000000,2.58000000
20200505,2.50000000,2.65000000,2.50000000,2.54000000,60,152,N/A,N/A,16129,6350,"NYSE","Basic Materials","Basic Materials/Agriculture","Common Stock",2.54000000,2.54000000
20200506,2.58000000,2.69000000,2.58000000,2.66000000,184,489,N/A,N/A,16891,6350,"NYSE","Basic Materials","Basic Materials/Agriculture","Common Stock",2.66000000,2.66000000
20200507,2.70000000,2.84000000,2.70000000,2.77000000,147,407,N/A,N/A,17590,6350,"NYSE","Basic Materials","Basic Materials/Agriculture","Common Stock",2.77000000,2.77000000
20200508,2.83000000,2.83000000,2.70000000,2.70000000,43,116,N/A,N/A,17145,6350,"NYSE","Basic Materials","Basic Materials/Agriculture","Common Stock",2.70000000,2.70000000
20200511,2.76000000,2.76000000,2.61000000,2.66000000,48,128,N/A,N/A,16891,6350,"NYSE","Basic Materials","Basic Materials/Agriculture","Common Stock",2.66000000,2.66000000
20200512,2.71000000,2.81000000,2.66000000,2.75000000,42,116,N/A,N/A,17463,6350,"NYSE","Basic Materials","Basic Materials/Agriculture","Common Stock",2.75000000,2.75000000
20200513,2.78000000,3.10000000,2.62000000,2.98000000,524,1562,N/A,N/A,18923,6350,"NYSE","Basic Materials","Basic Materials/Agriculture","Common Stock",2.98000000,2.98000000
20200514,3.01000000,3.01000000,2.85000000,2.99000000,56,167,N/A,N/A,18987,6350,"NYSE","Basic Materials","Basic Materials/Agriculture","Common Stock",2.99000000,2.99000000
20200515,3.02000000,3.02000000,2.90000000,2.97000000,57,169,N/A,N/A,18860,6350,"NYSE","Basic Materials","Basic Materials/Agriculture","Common Stock",2.97000000,2.97000000
20200518,2.97000000,2.97000000,2.80000000,2.83000000,80,226,N/A,N/A,17971,6350,"NYSE","Basic Materials","Basic Materials/Agriculture","Common Stock",2.83000000,2.83000000
20200519,2.80000000,2.80000000,2.64000000,2.73000000,121,330,N/A,N/A,17336,6350,"NYSE","Basic Materials","Basic Materials/Agriculture","Common Stock",2.73000000,2.73000000
20200520,2.71000000,2.84000000,2.69000000,2.75000000,225,619,N/A,N/A,17463,6350,"NYSE","Basic Materials","Basic Materials/Agriculture","Common Stock",2.75000000,2.75000000
20200521,2.70000000,2.74000000,2.70000000,2.74000000,11,30,N/A,N/A,17399,6350,"NYSE","Basic Materials","Basic Materials/Agriculture","Common Stock",2.74000000,2.74000000
20200522,2.70000000,2.70000000,2.63000000,2.63000000,63,166,N/A,N/A,16701,6350,"NYSE","Basic Materials","Basic Materials/Agriculture","Common Stock",2.63000000,2.63000000
20200525,2.70000000,2.70000000,2.63000000,2.63000000,0,0,N/A,N/A,0,0,"NYSE","Basic Materials","Basic Materials/Agriculture","Common Stock",2.63000000,2.63000000
20200526,2.73000000,2.73000000,2.64000000,2.65000000,26,69,N/A,N/A,16828,6350,"NYSE","Basic Materials","Basic Materials/Agriculture","Common Stock",2.65000000,2.65000000
20200527,2.75000000,2.75000000,2.62000000,2.62000000,17,45,N/A,N/A,16637,6350,"NYSE","Basic Materials","Basic Materials/Agriculture","Common Stock",2.62000000,2.62000000
20200528,2.60000000,2.63000000,2.56000000,2.56000000,52,133,N/A,N/A,16256,6350,"NYSE","Basic Materials","Basic Materials/Agriculture","Common Stock",2.56000000,2.56000000
20200529,2.55000000,2.62000000,2.55000000,2.61000000,36,94,N/A,N/A,16574,6350,"NYSE","Basic Materials","Basic Materials/Agriculture","Common Stock",2.61000000,2.61000000
20200601,2.58000000,2.60000000,2.57000000,2.57000000,14,36,N/A,N/A,16320,6350,"NYSE","Basic Materials","Basic Materials/Agriculture","Common Stock",2.57000000,2.57000000
20200602,2.57000000,2.60000000,2.50000000,2.53000000,40,101,N/A,N/A,16066,6350,"NYSE","Basic Materials","Basic Materials/Agriculture","Common Stock",2.53000000,2.53000000
20200603,2.54000000,2.55000000,2.44000000,2.45000000,69,169,N/A,N/A,15558,6350,"NYSE","Basic Materials","Basic Materials/Agriculture","Common Stock",2.45000000,2.45000000
20200604,2.43000000,2.50000000,2.43000000,2.49000000,34,85,N/A,N/A,15812,6350,"NYSE","Basic Materials","Basic Materials/Agriculture","Common Stock",2.49000000,2.49000000
20200605,2.50000000,2.50000000,2.46000000,2.46000000,30,74,N/A,N/A,15621,6350,"NYSE","Basic Materials","Basic Materials/Agriculture","Common Stock",2.46000000,2.46000000
20200608,2.43000000,2.48000000,2.42000000,2.43000000,66,160,N/A,N/A,15431,6350,"NYSE","Basic Materials","Basic Materials/Agriculture","Common Stock",2.43000000,2.43000000
20200609,2.44000000,2.60000000,2.43000000,2.54000000,457,1161,N/A,N/A,16129,6350,"NYSE","Basic Materials","Basic Materials/Agriculture","Common Stock",2.54000000,2.54000000
20200610,2.54000000,2.90000000,2.52000000,2.81000000,671,1886,N/A,N/A,17844,6350,"NYSE","Basic Materials","Basic Materials/Agriculture","Common Stock",2.81000000,2.81000000
20200611,2.82000000,3.83000000,2.65000000,3.25000000,4356,14157,N/A,N/A,20638,6350,"NYSE","Basic Materials","Basic Materials/Agriculture","Common Stock",3.25000000,3.25000000
20200612,3.24000000,3.43000000,2.83000000,3.12000000,1206,3763,N/A,N/A,19812,6350,"NYSE","Basic Materials","Basic Materials/Agriculture","Common Stock",3.12000000,3.12000000
20200615,3.11000000,4.29000000,2.99000000,3.65000000,3908,14264,N/A,N/A,23178,6350,"NYSE","Basic Materials","Basic Materials/Agriculture","Common Stock",3.65000000,3.65000000
20200616,3.33000000,3.47000000,3.20000000,3.23000000,425,1373,N/A,N/A,20511,6350,"NYSE","Basic Materials","Basic Materials/Agriculture","Common Stock",3.23000000,3.23000000
20200617,3.16000000,3.25000000,3.07000000,3.25000000,437,1420,N/A,N/A,20638,6350,"NYSE","Basic Materials","Basic Materials/Agriculture","Common Stock",3.25000000,3.25000000
20200618,3.25000000,3.73000000,2.91000000,3.05000000,1616,4929,N/A,N/A,19368,6350,"NYSE","Basic Materials","Basic Materials/Agriculture","Common Stock",3.05000000,3.05000000
20200619,2.92000000,3.11000000,2.92000000,2.97000000,78,232,N/A,N/A,18860,6350,"NYSE","Basic Materials","Basic Materials/Agriculture","Common Stock",2.97000000,2.97000000
20200622,2.94000000,2.99000000,2.85000000,2.88000000,100,288,N/A,N/A,18288,6350,"NYSE","Basic Materials","Basic Materials/Agriculture","Common Stock",2.88000000,2.88000000
20200623,2.82000000,3.22000000,2.74000000,2.83000000,1752,4958,N/A,N/A,17971,6350,"NYSE","Basic Materials","Basic Materials/Agriculture","Common Stock",2.83000000,2.83000000
20200624,2.75000000,2.82000000,2.73000000,2.77000000,83,230,N/A,N/A,17590,6350,"NYSE","Basic Materials","Basic Materials/Agriculture","Common Stock",2.77000000,2.77000000
20200625,2.72000000,2.78000000,2.54000000,2.55000000,252,643,N/A,N/A,16193,6350,"NYSE","Basic Materials","Basic Materials/Agriculture","Common Stock",2.55000000,2.55000000
20200626,2.52000000,2.63000000,2.46000000,2.49000000,223,555,N/A,N/A,15812,6350,"NYSE","Basic Materials","Basic Materials/Agriculture","Common Stock",2.49000000,2.49000000
20200629,2.45000000,2.56000000,2.45000000,2.50000000,60,150,N/A,N/A,15875,6350,"NYSE","Basic Materials","Basic Materials/Agriculture","Common Stock",2.50000000,2.50000000
20200630,2.50000000,2.97000000,2.45000000,2.92000000,1070,3124,N/A,N/A,18542,6350,"NYSE","Basic Materials","Basic Materials/Agriculture","Common Stock",2.92000000,2.92000000
20200701,2.90000000,3.02000000,2.71000000,2.99000000,256,765,N/A,N/A,18987,6350,"NYSE","Basic Materials","Basic Materials/Agriculture","Common Stock",2.99000000,2.99000000
20200702,2.92000000,3.15000000,2.67000000,2.77000000,767,2125,N/A,N/A,17590,6350,"NYSE","Basic Materials","Basic Materials/Agriculture","Common Stock",2.77000000,2.77000000
20200703,2.92000000,3.15000000,2.67000000,2.77000000,0,0,N/A,N/A,0,0,"NYSE","Basic Materials","Basic Materials/Agriculture","Common Stock",2.77000000,2.77000000
20200706,2.87000000,2.87000000,2.74000000,2.74000000,138,378,N/A,N/A,17399,6350,"NYSE","Basic Materials","Basic Materials/Agriculture","Common Stock",2.74000000,2.74000000
20200707,2.85000000,2.85000000,2.50000000,2.63000000,367,965,N/A,N/A,16701,6350,"NYSE","Basic Materials","Basic Materials/Agriculture","Common Stock",2.63000000,2.63000000
20200708,2.71000000,2.74000000,2.66000000,2.74000000,88,241,N/A,N/A,17399,6350,"NYSE","Basic Materials","Basic Materials/Agriculture","Common Stock",2.74000000,2.74000000
20200709,2.75000000,2.86000000,2.61000000,2.84000000,406,1153,N/A,N/A,18034,6350,"NYSE","Basic Materials","Basic Materials/Agriculture","Common Stock",2.84000000,2.84000000
20200710,2.78000000,2.79000000,2.70000000,2.75000000,151,415,N/A,N/A,17463,6350,"NYSE","Basic Materials","Basic Materials/Agriculture","Common Stock",2.75000000,2.75000000
20200713,2.76000000,2.76000000,2.60000000,2.60000000,132,343,N/A,N/A,16510,6350,"NYSE","Basic Materials","Basic Materials/Agriculture","Common Stock",2.60000000,2.60000000
20200714,2.54000000,2.64000000,2.53000000,2.60000000,56,146,N/A,N/A,16510,6350,"NYSE","Basic Materials","Basic Materials/Agriculture","Common Stock",2.60000000,2.60000000
20200715,2.54000000,2.76000000,2.54000000,2.59000000,237,614,N/A,N/A,16447,6350,"NYSE","Basic Materials","Basic Materials/Agriculture","Common Stock",2.59000000,2.59000000
20200716,2.53000000,2.61000000,2.47000000,2.57000000,250,642,N/A,N/A,16320,6350,"NYSE","Basic Materials","Basic Materials/Agriculture","Common Stock",2.57000000,2.57000000
20200717,2.53000000,2.87000000,2.53000000,2.79000000,955,2664,N/A,N/A,17717,6350,"NYSE","Basic Materials","Basic Materials/Agriculture","Common Stock",2.79000000,2.79000000
20200720,2.72000000,2.85000000,2.72000000,2.80000000,134,375,N/A,N/A,17780,6350,"NYSE","Basic Materials","Basic Materials/Agriculture","Common Stock",2.80000000,2.80000000
20200721,2.86000000,2.86000000,2.73000000,2.76000000,36,99,N/A,N/A,17526,6350,"NYSE","Basic Materials","Basic Materials/Agriculture","Common Stock",2.76000000,2.76000000
20200722,2.76000000,2.76000000,2.49000000,2.59000000,432,1119,N/A,N/A,16447,6350,"NYSE","Basic Materials","Basic Materials/Agriculture","Common Stock",2.59000000,2.59000000
20200723,2.53000000,2.64000000,2.52000000,2.52000000,85,214,N/A,N/A,16002,6350,"NYSE","Basic Materials","Basic Materials/Agriculture","Common Stock",2.52000000,2.52000000
20200724,2.59000000,2.60000000,2.50000000,2.60000000,162,421,N/A,N/A,16510,6350,"NYSE","Basic Materials","Basic Materials/Agriculture","Common Stock",2.60000000,2.60000000
20200727,2.60000000,2.92000000,2.60000000,2.75000000,630,1733,N/A,N/A,17463,6350,"NYSE","Basic Materials","Basic Materials/Agriculture","Common Stock",2.75000000,2.75000000
20200728,2.81000000,2.81000000,2.65000000,2.71000000,58,157,N/A,N/A,17209,6350,"NYSE","Basic Materials","Basic Materials/Agriculture","Common Stock",2.71000000,2.71000000
20200729,2.66000000,2.78000000,2.65000000,2.67000000,91,243,N/A,N/A,16955,6350,"NYSE","Basic Materials","Basic Materials/Agriculture","Common Stock",2.67000000,2.67000000
20200730,2.60000000,2.72000000,2.60000000,2.64000000,23,61,N/A,N/A,16764,6350,"NYSE","Basic Materials","Basic Materials/Agriculture","Common Stock",2.64000000,2.64000000
20200731,2.71000000,2.78000000,2.71000000,2.73000000,111,303,N/A,N/A,17336,6350,"NYSE","Basic Materials","Basic Materials/Agriculture","Common Stock",2.73000000,2.73000000
20200803,2.75000000,3.15000000,2.75000000,2.76000000,404,1115,N/A,N/A,17526,6350,"NYSE","Basic Materials","Basic Materials/Agriculture","Common Stock",2.76000000,2.76000000
20200804,2.75000000,2.84000000,2.75000000,2.80000000,20,56,N/A,N/A,17780,6350,"NYSE","Basic Materials","Basic Materials/Agriculture","Common Stock",2.80000000,2.80000000
20200805,2.82000000,2.91000000,2.81000000,2.81000000,24,67,N/A,N/A,17844,6350,"NYSE","Basic Materials","Basic Materials/Agriculture","Common Stock",2.81000000,2.81000000
20200806,2.82000000,2.83000000,2.79000000,2.83000000,73,207,N/A,N/A,17971,6350,"NYSE","Basic Materials","Basic Materials/Agriculture","Common Stock",2.83000000,2.83000000
20200807,2.85000000,2.85000000,2.69000000,2.80000000,134,375,N/A,N/A,17780,6350,"NYSE","Basic Materials","Basic Materials/Agriculture","Common Stock",2.80000000,2.80000000
20200810,2.82000000,2.89000000,2.75000000,2.82000000,60,169,N/A,N/A,17907,6350,"NYSE","Basic Materials","Basic Materials/Agriculture","Common Stock",2.82000000,2.82000000
20200811,2.86000000,2.86000000,2.71000000,2.73000000,119,325,N/A,N/A,17336,6350,"NYSE","Basic Materials","Basic Materials/Agriculture","Common Stock",2.73000000,2.73000000
20200812,2.80000000,2.80000000,2.72000000,2.72000000,36,98,N/A,N/A,17272,6350,"NYSE","Basic Materials","Basic Materials/Agriculture","Common Stock",2.72000000,2.72000000
20200813,2.81000000,2.84000000,2.78000000,2.78000000,83,231,N/A,N/A,17653,6350,"NYSE","Basic Materials","Basic Materials/Agriculture","Common Stock",2.78000000,2.78000000
20200814,2.82000000,2.99000000,2.72000000,2.86000000,607,1736,N/A,N/A,18161,6350,"NYSE","Basic Materials","Basic Materials/Agriculture","Common Stock",2.86000000,2.86000000
20200817,2.85000000,3.69000000,2.85000000,3.58000000,3970,14213,N/A,N/A,22733,6350,"NYSE","Basic Materials","Basic Materials/Agriculture","Common Stock",3.58000000,3.58000000
20200818,3.44000000,3.57000000,3.18000000,3.30000000,660,2178,N/A,N/A,20955,6350,"NYSE","Basic Materials","Basic Materials/Agriculture","Common Stock",3.30000000,3.30000000
20200819,3.18000000,3.34000000,3.18000000,3.25000000,202,657,N/A,N/A,20638,6350,"NYSE","Basic Materials","Basic Materials/Agriculture","Common Stock",3.25000000,3.25000000
20200820,3.18000000,3.19000000,3.05000000,3.08000000,333,1026,N/A,N/A,19558,6350,"NYSE","Basic Materials","Basic Materials/Agriculture","Common Stock",3.08000000,3.08000000
20200821,3.06000000,3.22000000,3.06000000,3.18000000,135,429,N/A,N/A,20193,6350,"NYSE","Basic Materials","Basic Materials/Agriculture","Common Stock",3.18000000,3.18000000
20200824,3.26000000,3.26000000,3.06000000,3.13000000,203,635,N/A,N/A,19876,6350,"NYSE","Basic Materials","Basic Materials/Agriculture","Common Stock",3.13000000,3.13000000
20200825,3.07000000,3.17000000,3.06000000,3.11000000,105,327,N/A,N/A,19749,6350,"NYSE","Basic Materials","Basic Materials/Agriculture","Common Stock",3.11000000,3.11000000
20200826,3.15000000,3.15000000,3.05000000,3.07000000,167,513,N/A,N/A,19495,6350,"NYSE","Basic Materials","Basic Materials/Agriculture","Common Stock",3.07000000,3.07000000
20200827,3.04000000,3.05000000,2.50000000,2.68000000,722,1935,N/A,N/A,17018,6350,"NYSE","Basic Materials","Basic Materials/Agriculture","Common Stock",2.68000000,2.68000000
20200828,2.68000000,2.72000000,2.59000000,2.60000000,190,494,N/A,N/A,16510,6350,"NYSE","Basic Materials","Basic Materials/Agriculture","Common Stock",2.60000000,2.60000000
20200831,2.58000000,2.64000000,2.54000000,2.54000000,317,805,N/A,N/A,16129,6350,"NYSE","Basic Materials","Basic Materials/Agriculture","Common Stock",2.54000000,2.54000000
20200901,2.60000000,2.70000000,2.47000000,2.49000000,231,575,N/A,N/A,15812,6350,"NYSE","Basic Materials","Basic Materials/Agriculture","Common Stock",2.49000000,2.49000000
20200902,2.42000000,2.52000000,2.41000000,2.50000000,101,253,N/A,N/A,15875,6350,"NYSE","Basic Materials","Basic Materials/Agriculture","Common Stock",2.50000000,2.50000000
20200903,2.56000000,2.56000000,2.46000000,2.50000000,55,138,N/A,N/A,15875,6350,"NYSE","Basic Materials","Basic Materials/Agriculture","Common Stock",2.50000000,2.50000000
20200904,2.49000000,2.54000000,2.49000000,2.49000000,21,52,N/A,N/A,15812,6350,"NYSE","Basic Materials","Basic Materials/Agriculture","Common Stock",2.49000000,2.49000000
20200907,2.49000000,2.54000000,2.49000000,2.49000000,0,0,N/A,N/A,0,0,"NYSE","Basic Materials","Basic Materials/Agriculture","Common Stock",2.49000000,2.49000000
20200908,2.49000000,2.54000000,2.49000000,2.51000000,106,266,N/A,N/A,15939,6350,"NYSE","Basic Materials","Basic Materials/Agriculture","Common Stock",2.51000000,2.51000000
20200909,2.55000000,2.61000000,2.50000000,2.50000000,60,150,N/A,N/A,15875,6350,"NYSE","Basic Materials","Basic Materials/Agriculture","Common Stock",2.50000000,2.50000000
20200910,2.50000000,2.62000000,2.50000000,2.52000000,563,1419,N/A,N/A,16002,6350,"NYSE","Basic Materials","Basic Materials/Agriculture","Common Stock",2.52000000,2.52000000
20200911,2.57000000,2.59000000,2.52000000,2.57000000,51,131,N/A,N/A,16320,6350,"NYSE","Basic Materials","Basic Materials/Agriculture","Common Stock",2.57000000,2.57000000
20200914,2.63000000,2.64000000,2.60000000,2.62000000,18,47,N/A,N/A,16637,6350,"NYSE","Basic Materials","Basic Materials/Agriculture","Common Stock",2.62000000,2.62000000
20200915,2.61000000,2.63000000,2.59000000,2.59000000,10,26,N/A,N/A,16447,6350,"NYSE","Basic Materials","Basic Materials/Agriculture","Common Stock",2.59000000,2.59000000
20200916,2.58000000,2.65000000,2.58000000,2.58000000,29,75,N/A,N/A,16383,6350,"NYSE","Basic Materials","Basic Materials/Agriculture","Common Stock",2.58000000,2.58000000
20200917,2.60000000,2.65000000,2.58000000,2.59000000,37,96,N/A,N/A,16447,6350,"NYSE","Basic Materials","Basic Materials/Agriculture","Common Stock",2.59000000,2.59000000
20200918,2.56000000,2.57000000,2.51000000,2.52000000,42,106,N/A,N/A,16002,6350,"NYSE","Basic Materials","Basic Materials/Agriculture","Common Stock",2.52000000,2.52000000
20200921,2.50000000,2.51000000,2.41000000,2.43000000,196,476,N/A,N/A,15431,6350,"NYSE","Basic Materials","Basic Materials/Agriculture","Common Stock",2.43000000,2.43000000
20200922,2.43000000,2.46000000,2.43000000,2.44000000,75,183,N/A,N/A,15494,6350,"NYSE","Basic Materials","Basic Materials/Agriculture","Common Stock",2.44000000,2.44000000
20200923,2.47000000,2.47000000,2.41000000,2.42000000,45,109,N/A,N/A,15367,6350,"NYSE","Basic Materials","Basic Materials/Agriculture","Common Stock",2.42000000,2.42000000
20200924,2.45000000,2.56000000,2.43000000,2.48000000,224,556,N/A,N/A,15748,6350,"NYSE","Basic Materials","Basic Materials/Agriculture","Common Stock",2.48000000,2.48000000
20200925,2.44000000,2.50000000,2.44000000,2.50000000,109,273,N/A,N/A,15875,6350,"NYSE","Basic Materials","Basic Materials/Agriculture","Common Stock",2.50000000,2.50000000
20200928,2.62000000,2.62000000,2.55000000,2.55000000,49,125,N/A,N/A,16193,6350,"NYSE","Basic Materials","Basic Materials/Agriculture","Common Stock",2.55000000,2.55000000
20200929,2.52000000,2.61000000,2.52000000,2.56000000,65,166,N/A,N/A,16256,6350,"NYSE","Basic Materials","Basic Materials/Agriculture","Common Stock",2.56000000,2.56000000
20200930,2.56000000,2.56000000,2.50000000,2.50000000,48,120,N/A,N/A,15875,6350,"NYSE","Basic Materials","Basic Materials/Agriculture","Common Stock",2.50000000,2.50000000
20201001,2.46000000,2.83000000,2.46000000,2.71000000,713,1932,N/A,N/A,17209,6350,"NYSE","Basic Materials","Basic Materials/Agriculture","Common Stock",2.71000000,2.71000000
20201002,2.75000000,2.75000000,2.57000000,2.68000000,203,544,N/A,N/A,17018,6350,"NYSE","Basic Materials","Basic Materials/Agriculture","Common Stock",2.68000000,2.68000000
20201005,2.69000000,2.69000000,2.45000000,2.60000000,102,265,N/A,N/A,16510,6350,"NYSE","Basic Materials","Basic Materials/Agriculture","Common Stock",2.60000000,2.60000000
20201006,2.51000000,2.68000000,2.51000000,2.64000000,162,428,N/A,N/A,16764,6350,"NYSE","Basic Materials","Basic Materials/Agriculture","Common Stock",2.64000000,2.64000000
20201007,2.63000000,2.63000000,1.77000000,2.22000000,2470,5483,N/A,N/A,14097,6350,"NYSE","Basic Materials","Basic Materials/Agriculture","Common Stock",2.22000000,2.22000000
20201008,2.19000000,2.37000000,2.19000000,2.36000000,376,887,N/A,N/A,14986,6350,"NYSE","Basic Materials","Basic Materials/Agriculture","Common Stock",2.36000000,2.36000000
20201009,2.38000000,2.38000000,2.21000000,2.38000000,383,912,N/A,N/A,15113,6350,"NYSE","Basic Materials","Basic Materials/Agriculture","Common Stock",2.38000000,2.38000000
20201012,2.34000000,2.36000000,2.26000000,2.31000000,152,351,N/A,N/A,14669,6350,"NYSE","Basic Materials","Basic Materials/Agriculture","Common Stock",2.31000000,2.31000000
20201013,2.35000000,2.42000000,2.29000000,2.42000000,176,426,N/A,N/A,15367,6350,"NYSE","Basic Materials","Basic Materials/Agriculture","Common Stock",2.42000000,2.42000000
20201014,2.39000000,2.39000000,2.30000000,2.37000000,148,351,N/A,N/A,15050,6350,"NYSE","Basic Materials","Basic Materials/Agriculture","Common Stock",2.37000000,2.37000000
20201015,2.40000000,2.48000000,2.35000000,2.45000000,193,473,N/A,N/A,15558,6350,"NYSE","Basic Materials","Basic Materials/Agriculture","Common Stock",2.45000000,2.45000000
20201016,2.49000000,2.49000000,2.35000000,2.35000000,85,200,N/A,N/A,14923,6350,"NYSE","Basic Materials","Basic Materials/Agriculture","Common Stock",2.35000000,2.35000000
20201019,2.35000000,2.42000000,2.35000000,2.40000000,58,139,N/A,N/A,15240,6350,"NYSE","Basic Materials","Basic Materials/Agriculture","Common Stock",2.40000000,2.40000000
20201020,2.47000000,2.47000000,2.35000000,2.41000000,74,178,N/A,N/A,15304,6350,"NYSE","Basic Materials","Basic Materials/Agriculture","Common Stock",2.41000000,2.41000000
20201021,2.39000000,2.44000000,2.32000000,2.39000000,137,327,N/A,N/A,15177,6350,"NYSE","Basic Materials","Basic Materials/Agriculture","Common Stock",2.39000000,2.39000000
20201022,2.37000000,2.80000000,2.37000000,2.78000000,1059,2944,N/A,N/A,17653,6350,"NYSE","Basic Materials","Basic Materials/Agriculture","Common Stock",2.78000000,2.78000000
20201023,2.84000000,3.42000000,2.70000000,2.91000000,3690,10738,N/A,N/A,18479,6350,"NYSE","Basic Materials","Basic Materials/Agriculture","Common Stock",2.91000000,2.91000000
20201026,2.75000000,2.92000000,2.57000000,2.90000000,598,1734,N/A,N/A,18415,6350,"NYSE","Basic Materials","Basic Materials/Agriculture","Common Stock",2.90000000,2.90000000
20201027,2.81000000,2.81000000,2.65000000,2.65000000,134,355,N/A,N/A,16828,6350,"NYSE","Basic Materials","Basic Materials/Agriculture","Common Stock",2.65000000,2.65000000
20201028,2.64000000,2.77000000,2.54000000,2.77000000,374,1036,N/A,N/A,17590,6350,"NYSE","Basic Materials","Basic Materials/Agriculture","Common Stock",2.77000000,2.77000000
20201029,2.78000000,2.78000000,2.60000000,2.68000000,44,118,N/A,N/A,17018,6350,"NYSE","Basic Materials","Basic Materials/Agriculture","Common Stock",2.68000000,2.68000000
20201030,2.58000000,2.68000000,2.41000000,2.67000000,148,395,N/A,N/A,16955,6350,"NYSE","Basic Materials","Basic Materials/Agriculture","Common Stock",2.67000000,2.67000000
20201102,2.67000000,2.76000000,2.67000000,2.72000000,54,147,N/A,N/A,17272,6350,"NYSE","Basic Materials","Basic Materials/Agriculture","Common Stock",2.72000000,2.72000000
20201103,2.69000000,2.70000000,2.55000000,2.66000000,29,77,N/A,N/A,16891,6350,"NYSE","Basic Materials","Basic Materials/Agriculture","Common Stock",2.66000000,2.66000000
20201104,2.69000000,2.75000000,2.63000000,2.63000000,190,500,N/A,N/A,16701,6350,"NYSE","Basic Materials","Basic Materials/Agriculture","Common Stock",2.63000000,2.63000000
20201105,2.74000000,3.07000000,2.68000000,2.96000000,930,2753,N/A,N/A,18796,6350,"NYSE","Basic Materials","Basic Materials/Agriculture","Common Stock",2.96000000,2.96000000
20201106,3.00000000,3.00000000,2.60000000,2.74000000,82,225,N/A,N/A,17399,6350,"NYSE","Basic Materials","Basic Materials/Agriculture","Common Stock",2.74000000,2.74000000
20201109,2.80000000,2.80000000,2.49000000,2.57000000,213,547,N/A,N/A,16320,6350,"NYSE","Basic Materials","Basic Materials/Agriculture","Common Stock",2.57000000,2.57000000
20201110,2.58000000,2.79000000,2.57000000,2.79000000,158,441,N/A,N/A,17717,6350,"NYSE","Basic Materials","Basic Materials/Agriculture","Common Stock",2.79000000,2.79000000
20201111,2.83000000,2.83000000,2.66000000,2.66000000,47,125,N/A,N/A,16891,6350,"NYSE","Basic Materials","Basic Materials/Agriculture","Common Stock",2.66000000,2.66000000
20201112,2.75000000,2.75000000,2.65000000,2.70000000,95,257,N/A,N/A,17145,6350,"NYSE","Basic Materials","Basic Materials/Agriculture","Common Stock",2.70000000,2.70000000
20201113,2.67000000,2.67000000,2.61000000,2.61000000,37,97,N/A,N/A,16574,6350,"NYSE","Basic Materials","Basic Materials/Agriculture","Common Stock",2.61000000,2.61000000
20201116,2.61000000,2.74000000,2.61000000,2.70000000,197,532,N/A,N/A,17145,6350,"NYSE","Basic Materials","Basic Materials/Agriculture","Common Stock",2.70000000,2.70000000
20201117,2.65000000,2.68000000,2.65000000,2.67000000,73,195,N/A,N/A,16955,6350,"NYSE","Basic Materials","Basic Materials/Agriculture","Common Stock",2.67000000,2.67000000
20201118,2.64000000,2.77000000,2.59000000,2.77000000,126,349,N/A,N/A,17590,6350,"NYSE","Basic Materials","Basic Materials/Agriculture","Common Stock",2.77000000,2.77000000
20201119,2.77000000,2.77000000,2.70000000,2.70000000,37,100,N/A,N/A,17145,6350,"NYSE","Basic Materials","Basic Materials/Agriculture","Common Stock",2.70000000,2.70000000
20201120,2.59000000,2.72000000,2.59000000,2.71000000,72,195,N/A,N/A,17209,6350,"NYSE","Basic Materials","Basic Materials/Agriculture","Common Stock",2.71000000,2.71000000
20201123,2.70000000,2.70000000,2.59000000,2.66000000,234,622,N/A,N/A,16891,6350,"NYSE","Basic Materials","Basic Materials/Agriculture","Common Stock",2.66000000,2.66000000
20201124,2.60000000,2.78000000,2.56000000,2.78000000,121,336,N/A,N/A,17653,6350,"NYSE","Basic Materials","Basic Materials/Agriculture","Common Stock",2.78000000,2.78000000
20201125,2.77000000,2.77000000,2.75000000,2.77000000,74,205,N/A,N/A,17590,6350,"NYSE","Basic Materials","Basic Materials/Agriculture","Common Stock",2.77000000,2.77000000
20201126,2.77000000,2.77000000,2.75000000,2.77000000,0,0,N/A,N/A,0,0,"NYSE","Basic Materials","Basic Materials/Agriculture","Common Stock",2.77000000,2.77000000
20201127,2.80000000,2.92000000,2.79000000,2.81000000,227,638,N/A,N/A,17844,6350,"NYSE","Basic Materials","Basic Materials/Agriculture","Common Stock",2.81000000,2.81000000
20201130,2.74000000,2.75000000,2.72000000,2.73000000,68,186,N/A,N/A,17336,6350,"NYSE","Basic Materials","Basic Materials/Agriculture","Common Stock",2.73000000,2.73000000
20201201,2.82000000,2.82000000,2.14000000,2.48000000,606,1503,N/A,N/A,15748,6350,"NYSE","Basic Materials","Basic Materials/Agriculture","Common Stock",2.48000000,2.48000000
20201202,2.42000000,2.45000000,2.35000000,2.42000000,167,404,N/A,N/A,15367,6350,"NYSE","Basic Materials","Basic Materials/Agriculture","Common Stock",2.42000000,2.42000000
20201203,2.37000000,2.48000000,2.37000000,2.44000000,205,500,N/A,N/A,15494,6350,"NYSE","Basic Materials","Basic Materials/Agriculture","Common Stock",2.44000000,2.44000000
20201204,2.40000000,2.54000000,2.40000000,2.40000000,185,444,N/A,N/A,15240,6350,"NYSE","Basic Materials","Basic Materials/Agriculture","Common Stock",2.40000000,2.40000000
20201207,2.34000000,2.49000000,2.34000000,2.40000000,195,468,N/A,N/A,15240,6350,"NYSE","Basic Materials","Basic Materials/Agriculture","Common Stock",2.40000000,2.40000000
20201208,2.47000000,2.47000000,2.23000000,2.32000000,327,759,N/A,N/A,14732,6350,"NYSE","Basic Materials","Basic Materials/Agriculture","Common Stock",2.32000000,2.32000000
20201209,2.25000000,2.40000000,2.25000000,2.33000000,308,718,N/A,N/A,14796,6350,"NYSE","Basic Materials","Basic Materials/Agriculture","Common Stock",2.33000000,2.33000000
20201210,2.37000000,2.39000000,2.25000000,2.36000000,109,257,N/A,N/A,14986,6350,"NYSE","Basic Materials","Basic Materials/Agriculture","Common Stock",2.36000000,2.36000000
20201211,2.38000000,2.39000000,2.28000000,2.35000000,102,240,N/A,N/A,14923,6350,"NYSE","Basic Materials","Basic Materials/Agriculture","Common Stock",2.35000000,2.35000000
20201214,2.32000000,2.32000000,2.27000000,2.30000000,75,172,N/A,N/A,14605,6350,"NYSE","Basic Materials","Basic Materials/Agriculture","Common Stock",2.30000000,2.30000000
20201215,2.28000000,2.40000000,2.28000000,2.39000000,252,602,N/A,N/A,15177,6350,"NYSE","Basic Materials","Basic Materials/Agriculture","Common Stock",2.39000000,2.39000000
20201216,2.29000000,2.37000000,2.26000000,2.29000000,60,137,N/A,N/A,14542,6350,"NYSE","Basic Materials","Basic Materials/Agriculture","Common Stock",2.29000000,2.29000000
20201217,2.35000000,2.35000000,2.27000000,2.34000000,159,372,N/A,N/A,14859,6350,"NYSE","Basic Materials","Basic Materials/Agriculture","Common Stock",2.34000000,2.34000000
20201218,2.38000000,3.62000000,2.37000000,2.88000000,25111,72320,N/A,N/A,18288,6350,"NYSE","Basic Materials","Basic Materials/Agriculture","Common Stock",2.88000000,2.88000000
20201221,2.74000000,2.78000000,2.46000000,2.71000000,1564,4238,N/A,N/A,17209,6350,"NYSE","Basic Materials","Basic Materials/Agriculture","Common Stock",2.71000000,2.71000000
20201222,2.72000000,2.96000000,2.66000000,2.86000000,727,2079,N/A,N/A,18161,6350,"NYSE","Basic Materials","Basic Materials/Agriculture","Common Stock",2.86000000,2.86000000
20201223,2.66000000,2.84000000,2.66000000,2.71000000,770,2087,N/A,N/A,17209,6350,"NYSE","Basic Materials","Basic Materials/Agriculture","Common Stock",2.71000000,2.71000000
20201224,2.71000000,2.71000000,2.58000000,2.60000000,141,367,N/A,N/A,16510,6350,"NYSE","Basic Materials","Basic Materials/Agriculture","Common Stock",2.60000000,2.60000000
20201225,2.71000000,2.71000000,2.58000000,2.60000000,0,0,N/A,N/A,0,0,"NYSE","Basic Materials","Basic Materials/Agriculture","Common Stock",2.60000000,2.60000000
20201228,2.70000000,2.73000000,2.55000000,2.62000000,337,883,N/A,N/A,16637,6350,"NYSE","Basic Materials","Basic Materials/Agriculture","Common Stock",2.62000000,2.62000000
20201229,2.62000000,2.62000000,2.45000000,2.52000000,171,431,N/A,N/A,16002,6350,"NYSE","Basic Materials","Basic Materials/Agriculture","Common Stock",2.52000000,2.52000000
20201230,2.53000000,3.68000000,2.50000000,3.01000000,24194,72824,N/A,N/A,19114,6350,"NYSE","Basic Materials","Basic Materials/Agriculture","Common Stock",3.01000000,3.01000000
20201231,3.01000000,4.69000000,2.91000000,3.60000000,23380,84168,N/A,N/A,22860,6350,"NYSE","Basic Materials","Basic Materials/Agriculture","Common Stock",3.60000000,3.60000000
20210101,3.01000000,4.69000000,2.91000000,3.60000000,0,0,N/A,N/A,0,0,"NYSE","Basic Materials","Basic Materials/Agriculture","Common Stock",3.60000000,3.60000000
20210104,3.30000000,3.38000000,3.05000000,3.26000000,2144,6989,N/A,N/A,20701,6350,"NYSE","Basic Materials","Basic Materials/Agriculture","Common Stock",3.26000000,3.26000000
20210105,3.25000000,4.26000000,3.21000000,4.02000000,2813,11308,N/A,N/A,25528,6350,"NYSE","Basic Materials","Basic Materials/Agriculture","Common Stock",4.02000000,4.02000000
20210106,3.80000000,4.24000000,3.80000000,3.89000000,1150,4474,N/A,N/A,24702,6350,"NYSE","Basic Materials","Basic Materials/Agriculture","Common Stock",3.89000000,3.89000000
20210107,3.87000000,4.38000000,3.87000000,4.38000000,1839,8055,N/A,N/A,27814,6350,"NYSE","Basic Materials","Basic Materials/Agriculture","Common Stock",4.38000000,4.38000000
20210108,4.46000000,5.82000000,4.10000000,5.45000000,7440,40548,N/A,N/A,34608,6350,"NYSE","Basic Materials","Basic Materials/Agriculture","Common Stock",5.45000000,5.45000000
20210111,5.45000000,5.48000000,4.69000000,4.79000000,2215,10610,N/A,N/A,30417,6350,"NYSE","Basic Materials","Basic Materials/Agriculture","Common Stock",4.79000000,4.79000000
20210112,4.79000000,5.19000000,4.71000000,5.13000000,613,3145,N/A,N/A,32576,6350,"NYSE","Basic Materials","Basic Materials/Agriculture","Common Stock",5.13000000,5.13000000
20210113,5.24000000,6.93000000,4.91000000,6.50000000,3912,25428,N/A,N/A,41276,6350,"NYSE","Basic Materials","Basic Materials/Agriculture","Common Stock",6.50000000,6.50000000
20210114,6.42000000,6.50000000,5.72000000,6.10000000,1649,10059,N/A,N/A,38736,6350,"NYSE","Basic Materials","Basic Materials/Agriculture","Common Stock",6.10000000,6.10000000
20210115,6.09000000,6.09000000,5.32000000,5.52000000,1033,5702,N/A,N/A,35053,6350,"NYSE","Basic Materials","Basic Materials/Agriculture","Common Stock",5.52000000,5.52000000
20210118,6.09000000,6.09000000,5.32000000,5.52000000,0,0,N/A,N/A,0,0,"NYSE","Basic Materials","Basic Materials/Agriculture","Common Stock",5.52000000,5.52000000
20210119,5.67000000,6.22000000,5.67000000,5.90000000,1026,6053,N/A,N/A,37466,6350,"NYSE","Basic Materials","Basic Materials/Agriculture","Common Stock",5.90000000,5.90000000
20210120,6.01000000,6.22000000,5.52000000,5.92000000,1182,6997,N/A,N/A,37593,6350,"NYSE","Basic Materials","Basic Materials/Agriculture","Common Stock",5.92000000,5.92000000
20210121,5.88000000,5.99000000,5.49000000,5.90000000,712,4201,N/A,N/A,37466,6350,"NYSE","Basic Materials","Basic Materials/Agriculture","Common Stock",5.90000000,5.90000000
20210122,5.85000000,6.61000000,5.84000000,6.41000000,1544,9897,N/A,N/A,40704,6350,"NYSE","Basic Materials","Basic Materials/Agriculture","Common Stock",6.41000000,6.41000000
20210125,6.41000000,6.50000000,5.88000000,6.09000000,816,4969,N/A,N/A,38672,6350,"NYSE","Basic Materials","Basic Materials/Agriculture","Common Stock",6.09000000,6.09000000
20210126,6.05000000,6.27000000,5.58000000,6.02000000,1022,6152,N/A,N/A,38228,6350,"NYSE","Basic Materials","Basic Materials/Agriculture","Common Stock",6.02000000,6.02000000
20210127,5.77000000,5.98000000,5.56000000,5.56000000,805,4476,N/A,N/A,35307,6350,"NYSE","Basic Materials","Basic Materials/Agriculture","Common Stock",5.56000000,5.56000000
20210128,5.60000000,6.03000000,5.60000000,5.76000000,391,2252,N/A,N/A,36577,6350,"NYSE","Basic Materials","Basic Materials/Agriculture","Common Stock",5.76000000,5.76000000
20210129,5.74000000,5.74000000,5.03000000,5.11000000,649,3316,N/A,N/A,32449,6350,"NYSE","Basic Materials","Basic Materials/Agriculture","Common Stock",5.11000000,5.11000000
20210201,5.29000000,5.45000000,5.08000000,5.31000000,440,2336,N/A,N/A,33719,6350,"NYSE","Basic Materials","Basic Materials/Agriculture","Common Stock",5.31000000,5.31000000
20210202,5.32000000,5.51000000,5.09000000,5.39000000,295,1590,N/A,N/A,34227,6350,"NYSE","Basic Materials","Basic Materials/Agriculture","Common Stock",5.39000000,5.39000000
20210203,5.46000000,5.60000000,5.32000000,5.58000000,445,2483,N/A,N/A,35434,6350,"NYSE","Basic Materials","Basic Materials/Agriculture","Common Stock",5.58000000,5.58000000
20210204,5.60000000,5.64000000,5.37000000,5.53000000,222,1228,N/A,N/A,35116,6350,"NYSE","Basic Materials","Basic Materials/Agriculture","Common Stock",5.53000000,5.53000000
20210205,5.65000000,5.75000000,5.51000000,5.58000000,252,1406,N/A,N/A,35434,6350,"NYSE","Basic Materials","Basic Materials/Agriculture","Common Stock",5.58000000,5.58000000
20210208,5.66000000,5.90000000,5.60000000,5.84000000,459,2681,N/A,N/A,37085,6350,"NYSE","Basic Materials","Basic Materials/Agriculture","Common Stock",5.84000000,5.84000000
20210209,5.80000000,6.15000000,5.80000000,6.00000000,323,1938,N/A,N/A,38101,6350,"NYSE","Basic Materials","Basic Materials/Agriculture","Common Stock",6.00000000,6.00000000
20210210,5.98000000,6.07000000,5.64000000,5.65000000,293,1655,N/A,N/A,35878,6350,"NYSE","Basic Materials","Basic Materials/Agriculture","Common Stock",5.65000000,5.65000000
20210211,5.60000000,5.82000000,5.33000000,5.36000000,495,2653,N/A,N/A,34037,6350,"NYSE","Basic Materials","Basic Materials/Agriculture","Common Stock",5.36000000,5.36000000
20210212,5.33000000,5.55000000,5.33000000,5.36000000,145,777,N/A,N/A,34037,6350,"NYSE","Basic Materials","Basic Materials/Agriculture","Common Stock",5.36000000,5.36000000
20210215,5.33000000,5.55000000,5.33000000,5.36000000,0,0,N/A,N/A,0,0,"NYSE","Basic Materials","Basic Materials/Agriculture","Common Stock",5.36000000,5.36000000
20210216,5.70000000,5.80000000,5.41000000,5.65000000,484,2735,N/A,N/A,35878,6350,"NYSE","Basic Materials","Basic Materials/Agriculture","Common Stock",5.65000000,5.65000000
20210217,5.80000000,5.80000000,5.39000000,5.42000000,164,889,N/A,N/A,34418,6350,"NYSE","Basic Materials","Basic Materials/Agriculture","Common Stock",5.42000000,5.42000000
20210218,5.30000000,5.42000000,5.11000000,5.25000000,160,840,N/A,N/A,33338,6350,"NYSE","Basic Materials","Basic Materials/Agriculture","Common Stock",5.25000000,5.25000000
20210219,5.25000000,5.48000000,5.16000000,5.35000000,251,1343,N/A,N/A,33973,6350,"NYSE","Basic Materials","Basic Materials/Agriculture","Common Stock",5.35000000,5.35000000
20210222,5.50000000,5.69000000,5.40000000,5.46000000,564,3079,N/A,N/A,34672,6350,"NYSE","Basic Materials","Basic Materials/Agriculture","Common Stock",5.46000000,5.46000000
20210223,5.34000000,5.71000000,5.17000000,5.46000000,1166,6366,N/A,N/A,34672,6350,"NYSE","Basic Materials","Basic Materials/Agriculture","Common Stock",5.46000000,5.46000000
20210224,5.36000000,5.72000000,5.34000000,5.58000000,243,1356,N/A,N/A,35434,6350,"NYSE","Basic Materials","Basic Materials/Agriculture","Common Stock",5.58000000,5.58000000
20210225,5.69000000,5.69000000,4.90000000,5.08000000,398,2022,N/A,N/A,32259,6350,"NYSE","Basic Materials","Basic Materials/Agriculture","Common Stock",5.08000000,5.08000000
20210226,4.83000000,4.90000000,4.50000000,4.62000000,488,2255,N/A,N/A,29338,6350,"NYSE","Basic Materials","Basic Materials/Agriculture","Common Stock",4.62000000,4.62000000
20210301,4.63000000,5.04000000,4.63000000,4.86000000,207,1006,N/A,N/A,30862,6350,"NYSE","Basic Materials","Basic Materials/Agriculture","Common Stock",4.86000000,4.86000000
20210302,4.75000000,4.97000000,4.50000000,4.50000000,155,698,N/A,N/A,28576,6350,"NYSE","Basic Materials","Basic Materials/Agriculture","Common Stock",4.50000000,4.50000000
20210303,4.52000000,4.57000000,4.35000000,4.38000000,332,1454,N/A,N/A,27814,6350,"NYSE","Basic Materials","Basic Materials/Agriculture","Common Stock",4.38000000,4.38000000
20210304,4.38000000,4.50000000,4.05000000,4.14000000,235,973,N/A,N/A,26290,6350,"NYSE","Basic Materials","Basic Materials/Agriculture","Common Stock",4.14000000,4.14000000
20210305,4.03000000,4.08000000,3.65000000,3.78000000,185,699,N/A,N/A,24003,6350,"NYSE","Basic Materials","Basic Materials/Agriculture","Common Stock",3.78000000,3.78000000
20210308,3.78000000,4.48000000,3.75000000,4.24000000,583,2472,N/A,N/A,26925,6350,"NYSE","Basic Materials","Basic Materials/Agriculture","Common Stock",4.24000000,4.24000000
20210309,4.25000000,5.89000000,4.18000000,5.60000000,2855,15988,N/A,N/A,35561,6350,"NYSE","Basic Materials","Basic Materials/Agriculture","Common Stock",5.60000000,5.60000000
20210310,5.95000000,6.48000000,5.55000000,5.67000000,924,5239,N/A,N/A,36005,6350,"NYSE","Basic Materials","Basic Materials/Agriculture","Common Stock",5.67000000,5.67000000
20210311,5.87000000,5.92000000,5.69000000,5.83000000,443,2583,N/A,N/A,37021,6350,"NYSE","Basic Materials","Basic Materials/Agriculture","Common Stock",5.83000000,5.83000000
20210312,5.66000000,5.89000000,4.90000000,5.10000000,1129,5758,N/A,N/A,32386,6350,"NYSE","Basic Materials","Basic Materials/Agriculture","Common Stock",5.10000000,5.10000000
20210315,4.95000000,5.77000000,4.95000000,5.70000000,430,2451,N/A,N/A,36196,6350,"NYSE","Basic Materials","Basic Materials/Agriculture","Common Stock",5.70000000,5.70000000
20210316,5.52000000,5.72000000,5.16000000,5.19000000,215,1116,N/A,N/A,32957,6350,"NYSE","Basic Materials","Basic Materials/Agriculture","Common Stock",5.19000000,5.19000000
20210317,5.18000000,5.41000000,5.07000000,5.30000000,85,450,N/A,N/A,33656,6350,"NYSE","Basic Materials","Basic Materials/Agriculture","Common Stock",5.30000000,5.30000000
20210318,5.40000000,5.43000000,5.23000000,5.23000000,198,1036,N/A,N/A,33211,6350,"NYSE","Basic Materials","Basic Materials/Agriculture","Common Stock",5.23000000,5.23000000
20210319,5.32000000,5.32000000,5.01000000,5.10000000,225,1147,N/A,N/A,32386,6350,"NYSE","Basic Materials","Basic Materials/Agriculture","Common Stock",5.10000000,5.10000000
20210322,5.10000000,5.19000000,4.95000000,5.15000000,155,798,N/A,N/A,32703,6350,"NYSE","Basic Materials","Basic Materials/Agriculture","Common Stock",5.15000000,5.15000000
20210323,5.10000000,5.10000000,4.85000000,4.85000000,275,1334,N/A,N/A,30798,6350,"NYSE","Basic Materials","Basic Materials/Agriculture","Common Stock",4.85000000,4.85000000
20210324,4.85000000,5.06000000,4.85000000,5.02000000,143,718,N/A,N/A,31878,6350,"NYSE","Basic Materials","Basic Materials/Agriculture","Common Stock",5.02000000,5.02000000
20210325,5.04000000,5.19000000,4.92000000,5.19000000,277,1438,N/A,N/A,32957,6350,"NYSE","Basic Materials","Basic Materials/Agriculture","Common Stock",5.19000000,5.19000000
20210326,5.22000000,5.32000000,5.09000000,5.10000000,123,627,N/A,N/A,32386,6350,"NYSE","Basic Materials","Basic Materials/Agriculture","Common Stock",5.10000000,5.10000000
20210329,5.00000000,5.10000000,4.93000000,4.96000000,189,937,N/A,N/A,31497,6350,"NYSE","Basic Materials","Basic Materials/Agriculture","Common Stock",4.96000000,4.96000000
20210330,4.91000000,5.19000000,4.90000000,5.00000000,308,1540,N/A,N/A,31751,6350,"NYSE","Basic Materials","Basic Materials/Agriculture","Common Stock",5.00000000,5.00000000
20210331,5.00000000,5.49000000,5.00000000,5.47000000,324,1772,N/A,N/A,34735,6350,"NYSE","Basic Materials","Basic Materials/Agriculture","Common Stock",5.47000000,5.47000000
20210401,5.50000000,5.98000000,5.36000000,5.64000000,699,3942,N/A,N/A,35815,6350,"NYSE","Basic Materials","Basic Materials/Agriculture","Common Stock",5.64000000,5.64000000
20210402,5.50000000,5.98000000,5.36000000,5.64000000,0,0,N/A,N/A,0,0,"NYSE","Basic Materials","Basic Materials/Agriculture","Common Stock",5.64000000,5.64000000
20210405,5.69000000,5.98000000,5.10000000,5.53000000,676,3738,N/A,N/A,35116,6350,"NYSE","Basic Materials","Basic Materials/Agriculture","Common Stock",5.53000000,5.53000000
20210406,5.82000000,5.87000000,5.55000000,5.60000000,225,1260,N/A,N/A,35561,6350,"NYSE","Basic Materials","Basic Materials/Agriculture","Common Stock",5.60000000,5.60000000
20210407,5.71000000,5.82000000,5.42000000,5.80000000,195,1131,N/A,N/A,36831,6350,"NYSE","Basic Materials","Basic Materials/Agriculture","Common Stock",5.80000000,5.80000000
20210408,5.84000000,7.50000000,5.81000000,6.33000000,8392,53121,N/A,N/A,40196,6350,"NYSE","Basic Materials","Basic Materials/Agriculture","Common Stock",6.33000000,6.33000000
20210409,6.55000000,8.42000000,6.55000000,7.76000000,19146,148573,N/A,N/A,49277,6350,"NYSE","Basic Materials","Basic Materials/Agriculture","Common Stock",7.76000000,7.76000000
20210412,7.92000000,8.17000000,7.50000000,7.90000000,1809,14291,N/A,N/A,50166,6350,"NYSE","Basic Materials","Basic Materials/Agriculture","Common Stock",7.90000000,7.90000000
20210413,7.87000000,11.17000000,7.70000000,10.09000000,9333,94170,N/A,N/A,64073,6350,"NYSE","Basic Materials","Basic Materials/Agriculture","Common Stock",10.09000000,10.09000000
20210414,9.46000000,11.50000000,9.46000000,10.60000000,4763,50488,N/A,N/A,67311,6350,"NYSE","Basic Materials","Basic Materials/Agriculture","Common Stock",10.60000000,10.60000000
20210415,10.34000000,10.85000000,10.08000000,10.85000000,1525,16546,N/A,N/A,68899,6350,"NYSE","Basic Materials","Basic Materials/Agriculture","Common Stock",10.85000000,10.85000000
20210416,11.00000000,13.48000000,10.97000000,13.15000000,7796,102517,N/A,N/A,83504,6350,"NYSE","Basic Materials","Basic Materials/Agriculture","Common Stock",13.15000000,13.15000000
20210419,13.50000000,17.73000000,12.52000000,16.87000000,24916,420333,N/A,N/A,107127,6350,"NYSE","Basic Materials","Basic Materials/Agriculture","Common Stock",16.87000000,16.87000000
20210420,15.84000000,16.00000000,12.11000000,12.84000000,9369,120298,N/A,N/A,81536,6350,"NYSE","Basic Materials","Basic Materials/Agriculture","Common Stock",12.84000000,12.84000000
20210421,12.67000000,15.00000000,12.66000000,13.10000000,4393,57548,N/A,N/A,83187,6350,"NYSE","Basic Materials","Basic Materials/Agriculture","Common Stock",13.10000000,13.10000000
20210422,13.18000000,14.25000000,13.03000000,13.84000000,1823,25230,N/A,N/A,87886,6350,"NYSE","Basic Materials","Basic Materials/Agriculture","Common Stock",13.84000000,13.84000000
20210423,13.83000000,14.44000000,13.42000000,13.45000000,2057,27667,N/A,N/A,85409,6350,"NYSE","Basic Materials","Basic Materials/Agriculture","Common Stock",13.45000000,13.45000000
20210426,13.70000000,13.70000000,12.41000000,13.00000000,1760,22880,N/A,N/A,82552,6350,"NYSE","Basic Materials","Basic Materials/Agriculture","Common Stock",13.00000000,13.00000000
20210427,12.75000000,13.00000000,11.81000000,11.86000000,2069,24538,N/A,N/A,75313,6350,"NYSE","Basic Materials","Basic Materials/Agriculture","Common Stock",11.86000000,11.86000000
20210428,11.67000000,13.83000000,11.66000000,13.68000000,1850,25308,N/A,N/A,86870,6350,"NYSE","Basic Materials","Basic Materials/Agriculture","Common Stock",13.68000000,13.68000000
20210429,14.17000000,15.99000000,14.11000000,14.69000000,3617,53134,N/A,N/A,93283,6350,"NYSE","Basic Materials","Basic Materials/Agriculture","Common Stock",14.69000000,14.69000000
20210430,14.60000000,14.60000000,13.20000000,13.69000000,1341,18358,N/A,N/A,86933,6350,"NYSE","Basic Materials","Basic Materials/Agriculture","Common Stock",13.69000000,13.69000000
20210503,13.80000000,13.80000000,12.71000000,12.84000000,1083,13906,N/A,N/A,81536,6350,"NYSE","Basic Materials","Basic Materials/Agriculture","Common Stock",12.84000000,12.84000000
20210504,12.80000000,12.98000000,12.21000000,12.80000000,818,10470,N/A,N/A,81282,6350,"NYSE","Basic Materials","Basic Materials/Agriculture","Common Stock",12.80000000,12.80000000
20210505,12.89000000,13.37000000,12.62000000,12.62000000,476,6007,N/A,N/A,80139,6350,"NYSE","Basic Materials","Basic Materials/Agriculture","Common Stock",12.62000000,12.62000000
20210506,12.71000000,13.22000000,12.65000000,13.06000000,655,8554,N/A,N/A,82933,6350,"NYSE","Basic Materials","Basic Materials/Agriculture","Common Stock",13.06000000,13.06000000
20210507,13.10000000,14.59000000,13.02000000,14.46000000,1666,24090,N/A,N/A,91823,6350,"NYSE","Basic Materials","Basic Materials/Agriculture","Common Stock",14.46000000,14.46000000
20210510,15.05000000,16.20000000,14.57000000,16.20000000,2557,41423,N/A,N/A,102872,6350,"NYSE","Basic Materials","Basic Materials/Agriculture","Common Stock",16.20000000,16.20000000
20210511,16.21000000,17.15000000,15.73000000,17.15000000,1802,30904,N/A,N/A,108905,6350,"NYSE","Basic Materials","Basic Materials/Agriculture","Common Stock",17.15000000,17.15000000
20210512,17.47000000,17.47000000,15.50000000,15.60000000,1450,22620,N/A,N/A,99062,6350,"NYSE","Basic Materials","Basic Materials/Agriculture","Common Stock",15.60000000,15.60000000
20210513,15.78000000,17.68000000,15.11000000,16.82000000,2000,33640,N/A,N/A,106809,6350,"NYSE","Basic Materials","Basic Materials/Agriculture","Common Stock",16.82000000,16.82000000
20210514,16.62000000,16.79000000,15.49000000,15.49000000,977,15134,N/A,N/A,98363,6350,"NYSE","Basic Materials","Basic Materials/Agriculture","Common Stock",15.49000000,15.49000000
20210517,15.28000000,15.28000000,13.82000000,15.03000000,938,14098,N/A,N/A,127569,8488,"NYSE","Basic Materials","Basic Materials/Agriculture","Common Stock",15.03000000,15.03000000
20210518,15.03000000,15.75000000,14.41000000,15.00000000,455,6825,N/A,N/A,127314,8488,"NYSE","Basic Materials","Basic Materials/Agriculture","Common Stock",15.00000000,15.00000000
20210519,14.29000000,14.54000000,13.50000000,13.71000000,1040,14258,N/A,N/A,116365,8488,"NYSE","Basic Materials","Basic Materials/Agriculture","Common Stock",13.71000000,13.71000000
20210520,14.03000000,15.60000000,14.03000000,15.60000000,747,11653,N/A,N/A,132407,8488,"NYSE","Basic Materials","Basic Materials/Agriculture","Common Stock",15.60000000,15.60000000
20210521,15.61000000,15.90000000,14.65000000,14.98000000,432,6471,N/A,N/A,127145,8488,"NYSE","Basic Materials","Basic Materials/Agriculture","Common Stock",14.98000000,14.98000000
20210524,14.94000000,14.94000000,10.59000000,10.63000000,3520,37418,N/A,N/A,90223,8488,"NYSE","Basic Materials","Basic Materials/Agriculture","Common Stock",10.63000000,10.63000000
20210525,10.00000000,10.45000000,8.82000000,9.74000000,3644,35493,N/A,N/A,82670,8488,"NYSE","Basic Materials","Basic Materials/Agriculture","Common Stock",9.74000000,9.74000000
20210526,9.75000000,10.07000000,9.60000000,9.96000000,1325,13197,N/A,N/A,84537,8488,"NYSE","Basic Materials","Basic Materials/Agriculture","Common Stock",9.96000000,9.96000000
20210527,10.00000000,10.50000000,9.86000000,10.47000000,1011,10585,N/A,N/A,88865,8488,"NYSE","Basic Materials","Basic Materials/Agriculture","Common Stock",10.47000000,10.47000000
20210528,10.39000000,11.47000000,10.30000000,11.29000000,1126,12713,N/A,N/A,95825,8488,"NYSE","Basic Materials","Basic Materials/Agriculture","Common Stock",11.29000000,11.29000000
20210531,10.39000000,11.47000000,10.30000000,11.29000000,0,0,N/A,N/A,0,0,"NYSE","Basic Materials","Basic Materials/Agriculture","Common Stock",11.29000000,11.29000000
20210601,11.49000000,11.88000000,11.02000000,11.85000000,1126,13343,N/A,N/A,100578,8488,"NYSE","Basic Materials","Basic Materials/Agriculture","Common Stock",11.85000000,11.85000000
20210602,11.96000000,12.48000000,11.39000000,12.48000000,818,10209,N/A,N/A,105926,8488,"NYSE","Basic Materials","Basic Materials/Agriculture","Common Stock",12.48000000,12.48000000
20210603,12.47000000,12.48000000,11.72000000,11.78000000,707,8328,N/A,N/A,99984,8488,"NYSE","Basic Materials","Basic Materials/Agriculture","Common Stock",11.78000000,11.78000000
20210604,12.01000000,12.55000000,11.81000000,12.20000000,781,9528,N/A,N/A,103549,8488,"NYSE","Basic Materials","Basic Materials/Agriculture","Common Stock",12.20000000,12.20000000
20210607,12.36000000,12.86000000,12.01000000,12.86000000,667,8578,N/A,N/A,109151,8488,"NYSE","Basic Materials","Basic Materials/Agriculture","Common Stock",12.86000000,12.86000000
20210608,12.64000000,12.77000000,12.33000000,12.77000000,360,4597,N/A,N/A,108387,8488,"NYSE","Basic Materials","Basic Materials/Agriculture","Common Stock",12.77000000,12.77000000
20210609,12.61000000,12.79000000,12.49000000,12.64000000,134,1694,N/A,N/A,107284,8488,"NYSE","Basic Materials","Basic Materials/Agriculture","Common Stock",12.64000000,12.64000000
20210610,12.45000000,12.45000000,11.90000000,11.90000000,372,4427,N/A,N/A,101003,8488,"NYSE","Basic Materials","Basic Materials/Agriculture","Common Stock",11.90000000,11.90000000
20210611,12.16000000,12.29000000,11.83000000,11.96000000,162,1938,N/A,N/A,101512,8488,"NYSE","Basic Materials","Basic Materials/Agriculture","Common Stock",11.96000000,11.96000000
20210614,12.00000000,12.00000000,11.28000000,11.52000000,278,3203,N/A,N/A,97777,8488,"NYSE","Basic Materials","Basic Materials/Agriculture","Common Stock",11.52000000,11.52000000
20210615,11.62000000,11.62000000,11.26000000,11.52000000,77,887,N/A,N/A,97777,8488,"NYSE","Basic Materials","Basic Materials/Agriculture","Common Stock",11.52000000,11.52000000
20210616,11.31000000,11.41000000,11.04000000,11.19000000,111,1242,N/A,N/A,94977,8488,"NYSE","Basic Materials","Basic Materials/Agriculture","Common Stock",11.19000000,11.19000000
20210617,11.23000000,11.23000000,10.29000000,10.40000000,249,2590,N/A,N/A,88271,8488,"NYSE","Basic Materials","Basic Materials/Agriculture","Common Stock",10.40000000,10.40000000
20210618,9.95000000,10.46000000,9.08000000,9.47000000,965,9139,N/A,N/A,80378,8488,"NYSE","Basic Materials","Basic Materials/Agriculture","Common Stock",9.47000000,9.47000000
20210621,9.41000000,10.62000000,9.41000000,10.23000000,361,3693,N/A,N/A,86828,8488,"NYSE","Basic Materials","Basic Materials/Agriculture","Common Stock",10.23000000,10.23000000
20210622,10.42000000,10.51000000,9.83000000,9.90000000,260,2574,N/A,N/A,84028,8488,"NYSE","Basic Materials","Basic Materials/Agriculture","Common Stock",9.90000000,9.90000000
20210623,9.98000000,10.44000000,9.98000000,10.18000000,136,1384,N/A,N/A,86404,8488,"NYSE","Basic Materials","Basic Materials/Agriculture","Common Stock",10.18000000,10.18000000
20210624,10.33000000,10.43000000,10.06000000,10.35000000,134,1387,N/A,N/A,87847,8488,"NYSE","Basic Materials","Basic Materials/Agriculture","Common Stock",10.35000000,10.35000000
20210625,10.30000000,10.49000000,9.76000000,9.76000000,141,1376,N/A,N/A,82839,8488,"NYSE","Basic Materials","Basic Materials/Agriculture","Common Stock",9.76000000,9.76000000
20210628,9.91000000,10.36000000,9.01000000,10.23000000,322,3294,N/A,N/A,86828,8488,"NYSE","Basic Materials","Basic Materials/Agriculture","Common Stock",10.23000000,10.23000000
20210629,10.30000000,10.86000000,9.87000000,10.02000000,409,4098,N/A,N/A,85046,8488,"NYSE","Basic Materials","Basic Materials/Agriculture","Common Stock",10.02000000,10.02000000
20210630,9.88000000,10.10000000,9.88000000,9.93000000,50,496,N/A,N/A,84282,8488,"NYSE","Basic Materials","Basic Materials/Agriculture","Common Stock",9.93000000,9.93000000
20210701,10.14000000,10.35000000,9.94000000,10.11000000,128,1294,N/A,N/A,85810,8488,"NYSE","Basic Materials","Basic Materials/Agriculture","Common Stock",10.11000000,10.11000000
20210702,10.27000000,10.74000000,10.03000000,10.29000000,154,1585,N/A,N/A,87338,8488,"NYSE","Basic Materials","Basic Materials/Agriculture","Common Stock",10.29000000,10.29000000
20210705,10.27000000,10.74000000,10.03000000,10.29000000,0,0,N/A,N/A,0,0,"NYSE","Basic Materials","Basic Materials/Agriculture","Common Stock",10.29000000,10.29000000
20210706,10.30000000,10.30000000,9.68000000,9.75000000,368,3588,N/A,N/A,82754,8488,"NYSE","Basic Materials","Basic Materials/Agriculture","Common Stock",9.75000000,9.75000000
20210707,9.77000000,10.20000000,9.76000000,10.00000000,107,1070,N/A,N/A,84876,8488,"NYSE","Basic Materials","Basic Materials/Agriculture","Common Stock",10.00000000,10.00000000
20210708,9.75000000,10.32000000,9.05000000,9.27000000,365,3384,N/A,N/A,78680,8488,"NYSE","Basic Materials","Basic Materials/Agriculture","Common Stock",9.27000000,9.27000000
20210709,9.38000000,10.00000000,9.30000000,9.43000000,384,3621,N/A,N/A,80038,8488,"NYSE","Basic Materials","Basic Materials/Agriculture","Common Stock",9.43000000,9.43000000
20210712,9.50000000,10.66000000,9.20000000,10.09000000,885,8930,N/A,N/A,85640,8488,"NYSE","Basic Materials","Basic Materials/Agriculture","Common Stock",10.09000000,10.09000000
20210713,9.85000000,10.00000000,9.51000000,9.83000000,171,1681,N/A,N/A,83433,8488,"NYSE","Basic Materials","Basic Materials/Agriculture","Common Stock",9.83000000,9.83000000
20210714,9.88000000,10.00000000,9.73000000,9.93000000,34,338,N/A,N/A,84282,8488,"NYSE","Basic Materials","Basic Materials/Agriculture","Common Stock",9.93000000,9.93000000
20210715,9.68000000,10.24000000,9.68000000,10.01000000,151,1512,N/A,N/A,84961,8488,"NYSE","Basic Materials","Basic Materials/Agriculture","Common Stock",10.01000000,10.01000000
20210716,10.25000000,10.50000000,9.80000000,10.10000000,200,2020,N/A,N/A,85725,8488,"NYSE","Basic Materials","Basic Materials/Agriculture","Common Stock",10.10000000,10.10000000
20210719,9.79000000,10.00000000,9.45000000,9.91000000,225,2230,N/A,N/A,84112,8488,"NYSE","Basic Materials","Basic Materials/Agriculture","Common Stock",9.91000000,9.91000000
20210720,9.94000000,10.05000000,9.57000000,9.97000000,152,1515,N/A,N/A,84622,8488,"NYSE","Basic Materials","Basic Materials/Agriculture","Common Stock",9.97000000,9.97000000
20210721,10.09000000,10.09000000,9.57000000,9.77000000,78,762,N/A,N/A,82924,8488,"NYSE","Basic Materials","Basic Materials/Agriculture","Common Stock",9.77000000,9.77000000
20210722,9.97000000,9.97000000,9.53000000,9.76000000,55,537,N/A,N/A,82839,8488,"NYSE","Basic Materials","Basic Materials/Agriculture","Common Stock",9.76000000,9.76000000
20210723,9.96000000,10.63000000,9.50000000,10.36000000,840,8702,N/A,N/A,87932,8488,"NYSE","Basic Materials","Basic Materials/Agriculture","Common Stock",10.36000000,10.36000000
20210726,10.20000000,10.49000000,9.68000000,10.28000000,166,1706,N/A,N/A,87253,8488,"NYSE","Basic Materials","Basic Materials/Agriculture","Common Stock",10.28000000,10.28000000
20210727,10.03000000,10.03000000,9.48000000,9.68000000,153,1481,N/A,N/A,82160,8488,"NYSE","Basic Materials","Basic Materials/Agriculture","Common Stock",9.68000000,9.68000000
20210728,9.61000000,10.20000000,9.52000000,9.73000000,324,3153,N/A,N/A,82585,8488,"NYSE","Basic Materials","Basic Materials/Agriculture","Common Stock",9.73000000,9.73000000
20210729,9.68000000,9.94000000,9.58000000,9.79000000,87,852,N/A,N/A,83094,8488,"NYSE","Basic Materials","Basic Materials/Agriculture","Common Stock",9.79000000,9.79000000
20210730,9.60000000,9.94000000,9.52000000,9.79000000,103,1008,N/A,N/A,83094,8488,"NYSE","Basic Materials","Basic Materials/Agriculture","Common Stock",9.79000000,9.79000000
20210802,9.96000000,9.96000000,8.66000000,8.78000000,370,3249,N/A,N/A,74521,8488,"NYSE","Basic Materials","Basic Materials/Agriculture","Common Stock",8.78000000,8.78000000
20210803,9.23000000,9.23000000,8.51000000,8.74000000,261,2281,N/A,N/A,74182,8488,"NYSE","Basic Materials","Basic Materials/Agriculture","Common Stock",8.74000000,8.74000000
20210804,8.74000000,8.98000000,8.47000000,8.62000000,162,1396,N/A,N/A,73163,8488,"NYSE","Basic Materials","Basic Materials/Agriculture","Common Stock",8.62000000,8.62000000
20210805,8.50000000,8.84000000,8.50000000,8.71000000,75,653,N/A,N/A,73927,8488,"NYSE","Basic Materials","Basic Materials/Agriculture","Common Stock",8.71000000,8.71000000
20210806,8.66000000,8.96000000,7.75000000,8.73000000,257,2244,N/A,N/A,74097,8488,"NYSE","Basic Materials","Basic Materials/Agriculture","Common Stock",8.73000000,8.73000000
20210809,8.67000000,9.76000000,8.58000000,9.76000000,231,2255,N/A,N/A,82839,8488,"NYSE","Basic Materials","Basic Materials/Agriculture","Common Stock",9.76000000,9.76000000
20210810,9.77000000,9.77000000,9.32000000,9.54000000,69,658,N/A,N/A,80972,8488,"NYSE","Basic Materials","Basic Materials/Agriculture","Common Stock",9.54000000,9.54000000
20210811,9.65000000,9.69000000,9.30000000,9.31000000,330,3072,N/A,N/A,79020,8488,"NYSE","Basic Materials","Basic Materials/Agriculture","Common Stock",9.31000000,9.31000000
20210812,9.41000000,9.41000000,8.75000000,8.75000000,33,289,N/A,N/A,74267,8488,"NYSE","Basic Materials","Basic Materials/Agriculture","Common Stock",8.75000000,8.75000000
20210813,8.97000000,8.97000000,8.50000000,8.56000000,40,342,N/A,N/A,72654,8488,"NYSE","Basic Materials","Basic Materials/Agriculture","Common Stock",8.56000000,8.56000000
20210816,8.48000000,8.52000000,8.10000000,8.15000000,132,1076,N/A,N/A,69174,8488,"NYSE","Basic Materials","Basic Materials/Agriculture","Common Stock",8.15000000,8.15000000
20210817,8.08000000,8.09000000,7.80000000,7.80000000,181,1412,N/A,N/A,66204,8488,"NYSE","Basic Materials","Basic Materials/Agriculture","Common Stock",7.80000000,7.80000000
20210818,7.95000000,8.79000000,7.95000000,8.28000000,135,1118,N/A,N/A,70278,8488,"NYSE","Basic Materials","Basic Materials/Agriculture","Common Stock",8.28000000,8.28000000
20210819,8.00000000,8.57000000,7.66000000,7.66000000,163,1249,N/A,N/A,65015,8488,"NYSE","Basic Materials","Basic Materials/Agriculture","Common Stock",7.66000000,7.66000000
20210820,7.85000000,7.87000000,7.75000000,7.75000000,49,380,N/A,N/A,65779,8488,"NYSE","Basic Materials","Basic Materials/Agriculture","Common Stock",7.75000000,7.75000000
20210823,7.73000000,7.99000000,7.73000000,7.99000000,45,360,N/A,N/A,67816,8488,"NYSE","Basic Materials","Basic Materials/Agriculture","Common Stock",7.99000000,7.99000000
20210824,7.89000000,8.29000000,7.80000000,8.01000000,62,497,N/A,N/A,67986,8488,"NYSE","Basic Materials","Basic Materials/Agriculture","Common Stock",8.01000000,8.01000000
20210825,7.89000000,8.29000000,7.89000000,8.11000000,80,649,N/A,N/A,68835,8488,"NYSE","Basic Materials","Basic Materials/Agriculture","Common Stock",8.11000000,8.11000000
20210826,8.01000000,8.96000000,8.01000000,8.85000000,166,1469,N/A,N/A,75116,8488,"NYSE","Basic Materials","Basic Materials/Agriculture","Common Stock",8.85000000,8.85000000
20210827,9.00000000,9.15000000,8.60000000,8.65000000,90,779,N/A,N/A,73418,8488,"NYSE","Basic Materials","Basic Materials/Agriculture","Common Stock",8.65000000,8.65000000
20210830,8.59000000,9.00000000,8.58000000,8.58000000,127,1090,N/A,N/A,72824,8488,"NYSE","Basic Materials","Basic Materials/Agriculture","Common Stock",8.58000000,8.58000000
20210831,8.60000000,9.19000000,8.51000000,9.10000000,256,2330,N/A,N/A,77237,8488,"NYSE","Basic Materials","Basic Materials/Agriculture","Common Stock",9.10000000,9.10000000
20210901,9.12000000,9.40000000,8.90000000,9.23000000,70,646,N/A,N/A,78341,8488,"NYSE","Basic Materials","Basic Materials/Agriculture","Common Stock",9.23000000,9.23000000
20210902,9.13000000,9.95000000,9.01000000,9.95000000,133,1323,N/A,N/A,84452,8488,"NYSE","Basic Materials","Basic Materials/Agriculture","Common Stock",9.95000000,9.95000000
20210903,10.00000000,10.49000000,9.90000000,10.10000000,186,1879,N/A,N/A,85725,8488,"NYSE","Basic Materials","Basic Materials/Agriculture","Common Stock",10.10000000,10.10000000
20210906,10.00000000,10.49000000,9.90000000,10.10000000,0,0,N/A,N/A,0,0,"NYSE","Basic Materials","Basic Materials/Agriculture","Common Stock",10.10000000,10.10000000
20210907,10.27000000,11.00000000,10.20000000,10.92000000,359,3920,N/A,N/A,92685,8488,"NYSE","Basic Materials","Basic Materials/Agriculture","Common Stock",10.92000000,10.92000000
20210908,10.96000000,11.50000000,10.96000000,11.28000000,240,2707,N/A,N/A,95740,8488,"NYSE","Basic Materials","Basic Materials/Agriculture","Common Stock",11.28000000,11.28000000
20210909,11.42000000,11.42000000,10.75000000,11.19000000,111,1242,N/A,N/A,94977,8488,"NYSE","Basic Materials","Basic Materials/Agriculture","Common Stock",11.19000000,11.19000000
20210910,11.15000000,11.20000000,10.67000000,10.67000000,56,598,N/A,N/A,90563,8488,"NYSE","Basic Materials","Basic Materials/Agriculture","Common Stock",10.67000000,10.67000000
20210913,10.63000000,10.63000000,9.62000000,9.69000000,207,2006,N/A,N/A,82245,8488,"NYSE","Basic Materials","Basic Materials/Agriculture","Common Stock",9.69000000,9.69000000
20210914,9.71000000,10.24000000,9.71000000,9.97000000,38,379,N/A,N/A,84622,8488,"NYSE","Basic Materials","Basic Materials/Agriculture","Common Stock",9.97000000,9.97000000
20210915,9.83000000,9.83000000,9.15000000,9.15000000,69,631,N/A,N/A,77662,8488,"NYSE","Basic Materials","Basic Materials/Agriculture","Common Stock",9.15000000,9.15000000
20210916,9.16000000,9.57000000,9.16000000,9.17000000,11,101,N/A,N/A,77832,8488,"NYSE","Basic Materials","Basic Materials/Agriculture","Common Stock",9.17000000,9.17000000
20210917,9.09000000,9.16000000,9.04000000,9.04000000,22,199,N/A,N/A,76728,8488,"NYSE","Basic Materials","Basic Materials/Agriculture","Common Stock",9.04000000,9.04000000
20210920,8.66000000,9.30000000,7.85000000,8.46000000,243,2056,N/A,N/A,71805,8488,"NYSE","Basic Materials","Basic Materials/Agriculture","Common Stock",8.46000000,8.46000000
20210921,8.31000000,8.79000000,8.31000000,8.70000000,70,609,N/A,N/A,73842,8488,"NYSE","Basic Materials","Basic Materials/Agriculture","Common Stock",8.70000000,8.70000000
20210922,8.81000000,9.17000000,8.81000000,9.17000000,102,935,N/A,N/A,77832,8488,"NYSE","Basic Materials","Basic Materials/Agriculture","Common Stock",9.17000000,9.17000000
20210923,9.17000000,9.18000000,8.97000000,9.10000000,19,173,N/A,N/A,77237,8488,"NYSE","Basic Materials","Basic Materials/Agriculture","Common Stock",9.10000000,9.10000000
20210924,9.07000000,9.10000000,8.80000000,8.89000000,18,160,N/A,N/A,75455,8488,"NYSE","Basic Materials","Basic Materials/Agriculture","Common Stock",8.89000000,8.89000000
20210927,8.86000000,9.25000000,8.86000000,9.11000000,34,310,N/A,N/A,77322,8488,"NYSE","Basic Materials","Basic Materials/Agriculture","Common Stock",9.11000000,9.11000000
20210928,9.01000000,9.03000000,8.75000000,9.03000000,13,117,N/A,N/A,76643,8488,"NYSE","Basic Materials","Basic Materials/Agriculture","Common Stock",9.03000000,9.03000000
20210929,9.14000000,9.14000000,8.71000000,8.95000000,26,233,N/A,N/A,75964,8488,"NYSE","Basic Materials","Basic Materials/Agriculture","Common Stock",8.95000000,8.95000000
20210930,9.37000000,9.37000000,8.90000000,9.08000000,8,73,N/A,N/A,77068,8488,"NYSE","Basic Materials","Basic Materials/Agriculture","Common Stock",9.08000000,9.08000000
20211001,9.62000000,9.62000000,8.92000000,8.92000000,7,62,N/A,N/A,75710,8488,"NYSE","Basic Materials","Basic Materials/Agriculture","Common Stock",8.92000000,8.92000000
20211004,8.87000000,9.37000000,8.44000000,8.73000000,36,314,N/A,N/A,74097,8488,"NYSE","Basic Materials","Basic Materials/Agriculture","Common Stock",8.73000000,8.73000000
20211005,8.93000000,9.35000000,8.93000000,8.94000000,10,89,N/A,N/A,75879,8488,"NYSE","Basic Materials","Basic Materials/Agriculture","Common Stock",8.94000000,8.94000000
20211006,8.69000000,8.94000000,8.52000000,8.94000000,32,286,N/A,N/A,75879,8488,"NYSE","Basic Materials","Basic Materials/Agriculture","Common Stock",8.94000000,8.94000000
20211007,8.75000000,9.00000000,8.37000000,8.51000000,60,511,N/A,N/A,72230,8488,"NYSE","Basic Materials","Basic Materials/Agriculture","Common Stock",8.51000000,8.51000000
20211008,8.50000000,8.90000000,8.34000000,8.56000000,141,1207,N/A,N/A,72654,8488,"NYSE","Basic Materials","Basic Materials/Agriculture","Common Stock",8.56000000,8.56000000
20211011,8.73000000,9.25000000,8.73000000,9.00000000,123,1107,N/A,N/A,76389,8488,"NYSE","Basic Materials","Basic Materials/Agriculture","Common Stock",9.00000000,9.00000000
20211012,9.15000000,10.70000000,9.15000000,10.20000000,304,3101,N/A,N/A,86574,8488,"NYSE","Basic Materials","Basic Materials/Agriculture","Common Stock",10.20000000,10.20000000
20211013,10.00000000,10.76000000,9.50000000,10.60000000,312,3307,N/A,N/A,89969,8488,"NYSE","Basic Materials","Basic Materials/Agriculture","Common Stock",10.60000000,10.60000000
20211014,10.34000000,11.00000000,10.26000000,10.54000000,170,1792,N/A,N/A,89460,8488,"NYSE","Basic Materials","Basic Materials/Agriculture","Common Stock",10.54000000,10.54000000
20211015,10.50000000,10.94000000,10.50000000,10.91000000,51,556,N/A,N/A,92600,8488,"NYSE","Basic Materials","Basic Materials/Agriculture","Common Stock",10.91000000,10.91000000
20211018,10.63000000,11.71000000,10.63000000,10.74000000,456,4897,N/A,N/A,91157,8488,"NYSE","Basic Materials","Basic Materials/Agriculture","Common Stock",10.74000000,10.74000000
20211019,10.81000000,11.23000000,10.36000000,10.42000000,105,1094,N/A,N/A,88441,8488,"NYSE","Basic Materials","Basic Materials/Agriculture","Common Stock",10.42000000,10.42000000
20211020,10.23000000,11.13000000,10.23000000,10.62000000,154,1635,N/A,N/A,90139,8488,"NYSE","Basic Materials","Basic Materials/Agriculture","Common Stock",10.62000000,10.62000000
20211021,10.45000000,11.12000000,10.45000000,11.04000000,89,983,N/A,N/A,93703,8488,"NYSE","Basic Materials","Basic Materials/Agriculture","Common Stock",11.04000000,11.04000000
20211022,11.15000000,11.30000000,10.88000000,11.15000000,99,1104,N/A,N/A,94637,8488,"NYSE","Basic Materials","Basic Materials/Agriculture","Common Stock",11.15000000,11.15000000
20211025,11.20000000,11.70000000,11.03000000,11.65000000,261,3041,N/A,N/A,98881,8488,"NYSE","Basic Materials","Basic Materials/Agriculture","Common Stock",11.65000000,11.65000000
20211026,11.70000000,11.70000000,11.17000000,11.64000000,230,2677,N/A,N/A,98796,8488,"NYSE","Basic Materials","Basic Materials/Agriculture","Common Stock",11.64000000,11.64000000
20211027,11.67000000,12.48000000,11.33000000,11.95000000,366,4374,N/A,N/A,101427,8488,"NYSE","Basic Materials","Basic Materials/Agriculture","Common Stock",11.95000000,11.95000000
20211028,11.95000000,11.95000000,11.42000000,11.50000000,47,541,N/A,N/A,97608,8488,"NYSE","Basic Materials","Basic Materials/Agriculture","Common Stock",11.50000000,11.50000000
20211029,11.31000000,11.31000000,10.88000000,10.88000000,71,772,N/A,N/A,92345,8488,"NYSE","Basic Materials","Basic Materials/Agriculture","Common Stock",10.88000000,10.88000000
20211101,10.85000000,12.00000000,10.85000000,11.96000000,174,2081,N/A,N/A,101512,8488,"NYSE","Basic Materials","Basic Materials/Agriculture","Common Stock",11.96000000,11.96000000
20211102,11.92000000,11.98000000,11.24000000,11.30000000,154,1740,N/A,N/A,95910,8488,"NYSE","Basic Materials","Basic Materials/Agriculture","Common Stock",11.30000000,11.30000000
20211103,11.07000000,11.70000000,11.07000000,11.51000000,20,230,N/A,N/A,97693,8488,"NYSE","Basic Materials","Basic Materials/Agriculture","Common Stock",11.51000000,11.51000000
20211104,11.71000000,11.75000000,11.71000000,11.71000000,9,105,N/A,N/A,99390,8488,"NYSE","Basic Materials","Basic Materials/Agriculture","Common Stock",11.71000000,11.71000000
20211105,11.75000000,11.95000000,11.49000000,11.95000000,50,597,N/A,N/A,101427,8488,"NYSE","Basic Materials","Basic Materials/Agriculture","Common Stock",11.95000000,11.95000000
20211108,11.95000000,11.97000000,11.46000000,11.90000000,28,333,N/A,N/A,101003,8488,"NYSE","Basic Materials","Basic Materials/Agriculture","Common Stock",11.90000000,11.90000000
20211109,11.67000000,11.67000000,11.53000000,11.66000000,34,396,N/A,N/A,98966,8488,"NYSE","Basic Materials","Basic Materials/Agriculture","Common Stock",11.66000000,11.66000000
20211110,11.44000000,11.67000000,11.40000000,11.44000000,45,515,N/A,N/A,97098,8488,"NYSE","Basic Materials","Basic Materials/Agriculture","Common Stock",11.44000000,11.44000000
20211111,11.50000000,11.75000000,11.28000000,11.75000000,93,1093,N/A,N/A,99730,8488,"NYSE","Basic Materials","Basic Materials/Agriculture","Common Stock",11.75000000,11.75000000
20211112,11.52000000,11.74000000,11.51000000,11.74000000,71,834,N/A,N/A,99645,8488,"NYSE","Basic Materials","Basic Materials/Agriculture","Common Stock",11.74000000,11.74000000
20211115,11.75000000,11.75000000,10.98000000,11.38000000,140,1593,N/A,N/A,96589,8488,"NYSE","Basic Materials","Basic Materials/Agriculture","Common Stock",11.38000000,11.38000000
20211116,11.24000000,11.43000000,11.11000000,11.11000000,30,333,N/A,N/A,94298,8488,"NYSE","Basic Materials","Basic Materials/Agriculture","Common Stock",11.11000000,11.11000000
20211117,11.11000000,11.45000000,11.11000000,11.45000000,46,527,N/A,N/A,97183,8488,"NYSE","Basic Materials","Basic Materials/Agriculture","Common Stock",11.45000000,11.45000000
20211118,11.15000000,11.41000000,11.11000000,11.41000000,26,297,N/A,N/A,96844,8488,"NYSE","Basic Materials","Basic Materials/Agriculture","Common Stock",11.41000000,11.41000000
20211119,11.11000000,11.39000000,11.11000000,11.14000000,21,234,N/A,N/A,94552,8488,"NYSE","Basic Materials","Basic Materials/Agriculture","Common Stock",11.14000000,11.14000000
20211122,11.12000000,11.12000000,10.58000000,11.02000000,36,397,N/A,N/A,93534,8488,"NYSE","Basic Materials","Basic Materials/Agriculture","Common Stock",11.02000000,11.02000000
20211123,10.85000000,10.85000000,9.68000000,10.64000000,45,479,N/A,N/A,90308,8488,"NYSE","Basic Materials","Basic Materials/Agriculture","Common Stock",10.64000000,10.64000000
20211124,10.44000000,11.28000000,10.43000000,10.88000000,112,1219,N/A,N/A,92345,8488,"NYSE","Basic Materials","Basic Materials/Agriculture","Common Stock",10.88000000,10.88000000
20211125,10.44000000,11.28000000,10.43000000,10.88000000,0,0,N/A,N/A,0,0,"NYSE","Basic Materials","Basic Materials/Agriculture","Common Stock",10.88000000,10.88000000
20211126,10.95000000,11.32000000,10.50000000,11.16000000,77,859,N/A,N/A,94722,8488,"NYSE","Basic Materials","Basic Materials/Agriculture","Common Stock",11.16000000,11.16000000
20211129,10.89000000,11.00000000,10.60000000,10.69000000,55,588,N/A,N/A,90733,8488,"NYSE","Basic Materials","Basic Materials/Agriculture","Common Stock",10.69000000,10.69000000
20211130,10.65000000,10.83000000,9.45000000,9.45000000,254,2400,N/A,N/A,80208,8488,"NYSE","Basic Materials","Basic Materials/Agriculture","Common Stock",9.45000000,9.45000000
20211201,9.73000000,10.95000000,9.73000000,10.50000000,90,945,N/A,N/A,89120,8488,"NYSE","Basic Materials","Basic Materials/Agriculture","Common Stock",10.50000000,10.50000000
20211202,10.54000000,10.73000000,10.43000000,10.43000000,96,1001,N/A,N/A,88526,8488,"NYSE","Basic Materials","Basic Materials/Agriculture","Common Stock",10.43000000,10.43000000
20211203,10.53000000,10.78000000,10.19000000,10.46000000,262,2741,N/A,N/A,88781,8488,"NYSE","Basic Materials","Basic Materials/Agriculture","Common Stock",10.46000000,10.46000000
20211206,10.50000000,10.70000000,10.47000000,10.47000000,116,1215,N/A,N/A,88865,8488,"NYSE","Basic Materials","Basic Materials/Agriculture","Common Stock",10.47000000,10.47000000
20211207,10.50000000,10.58000000,10.50000000,10.55000000,49,517,N/A,N/A,89544,8488,"NYSE","Basic Materials","Basic Materials/Agriculture","Common Stock",10.55000000,10.55000000
20211208,10.49000000,10.54000000,10.41000000,10.50000000,64,672,N/A,N/A,89120,8488,"NYSE","Basic Materials","Basic Materials/Agriculture","Common Stock",10.50000000,10.50000000
20211209,10.50000000,10.80000000,10.49000000,10.50000000,167,1754,N/A,N/A,89120,8488,"NYSE","Basic Materials","Basic Materials/Agriculture","Common Stock",10.50000000,10.50000000
20211210,10.69000000,10.69000000,10.53000000,10.56000000,49,517,N/A,N/A,89629,8488,"NYSE","Basic Materials","Basic Materials/Agriculture","Common Stock",10.56000000,10.56000000
20211213,10.69000000,10.78000000,10.52000000,10.78000000,77,830,N/A,N/A,91497,8488,"NYSE","Basic Materials","Basic Materials/Agriculture","Common Stock",10.78000000,10.78000000
20211214,10.80000000,10.80000000,10.50000000,10.50000000,90,945,N/A,N/A,89120,8488,"NYSE","Basic Materials","Basic Materials/Agriculture","Common Stock",10.50000000,10.50000000
20211215,10.52000000,10.52000000,9.91000000,10.14000000,58,588,N/A,N/A,86065,8488,"NYSE","Basic Materials","Basic Materials/Agriculture","Common Stock",10.14000000,10.14000000
20211216,9.99000000,10.38000000,9.99000000,10.20000000,24,245,N/A,N/A,86574,8488,"NYSE","Basic Materials","Basic Materials/Agriculture","Common Stock",10.20000000,10.20000000
20211217,10.28000000,10.28000000,9.80000000,9.80000000,72,706,N/A,N/A,83179,8488,"NYSE","Basic Materials","Basic Materials/Agriculture","Common Stock",9.80000000,9.80000000
20211220,9.53000000,9.53000000,8.90000000,8.95000000,106,949,N/A,N/A,75964,8488,"NYSE","Basic Materials","Basic Materials/Agriculture","Common Stock",8.95000000,8.95000000
